1  39.00290 141.64200     3
0  39.00290 141.64778     5
0  39.01628 141.74037    38
0  39.01177 141.74037    33
1  39.00274 141.74034     3
0  39.01627 141.74617    40
1  39.01176 141.74615     2
0  39.00724 141.74615    34
1  39.00273 141.74612    23
1  39.01626 141.75197     4
0  39.01174 141.75194    43
0  39.00723 141.75192    50
0  39.00272 141.75191    43
1  39.01625 141.75774    19
1  39.01173 141.75772    34
0  39.00722 141.75772    52
0  39.00270 141.75771    57
1  39.01623 141.76353    30
1  39.01172 141.76352    43
0  39.00721 141.76350    54
0  39.00269 141.76347    62
1  39.02074 141.76933    16
0  39.01622 141.76933    34
0  39.01171 141.76930    40
0  39.00719 141.76929    55
0  39.00268 141.76927    64
0  39.02072 141.77513    14
0  39.01620 141.77510    21
0  39.01169 141.77509    43
0  39.00718 141.77507    54
0  39.00266 141.77505    52
1  39.02522 141.78093     9
0  39.02070 141.78091    41
0  39.01619 141.78090    48
0  39.01168 141.78087    55
0  39.00716 141.78085    58
0  39.00265 141.78084    60
0  39.02521 141.78671    33
0  39.02069 141.78670    40
0  39.01617 141.78668    49
0  39.01166 141.78667    59
0  39.00714 141.78665    66
0  39.00264 141.78662    71
1  39.02519 141.79251     3
0  39.02068 141.79248    31
0  39.01616 141.79247    44
0  39.01165 141.79245    52
0  39.00713 141.79242    64
0  39.00262 141.79242    77
0  39.02066 141.79828    47
0  39.01615 141.79825    58
0  39.01163 141.79823    65
0  39.00712 141.79822    82
0  39.00261 141.79819    83
1  39.02065 141.80406    31
0  39.01613 141.80403    61
0  39.01162 141.80403    65
0  39.00711 141.80400    74
1  39.00259 141.80399    82
1  39.02063 141.80984    28
0  39.01611 141.80983    62
0  39.01160 141.80980    64
0  39.00709 141.80978    88
1  39.00257 141.80977    86
1  39.02061 141.81563    31
1  39.01610 141.81560    63
1  39.01159 141.81560    78
0  39.00707 141.81557    90
1  39.00256 141.81555    92
0  39.10637 141.82181    14
0  39.10185 141.82179    22
0  39.09282 141.82173    21
1  39.02060 141.82143    23
1  39.01609 141.82141    60
0  39.01157 141.82138    87
0  39.00706 141.82135    93
0  39.00254 141.82133   102
0  39.10184 141.82759    27
0  39.09732 141.82756    32
0  39.07927 141.82748    12
0  39.02058 141.82721    56
0  39.01607 141.82719    81
1  39.01155 141.82716    85
0  39.00704 141.82715    98
0  39.00253 141.82712   103
0  39.10182 141.83337    33
0  39.09279 141.83334    40
0  39.08828 141.83331    37
0  39.08376 141.83328    35
0  39.02057 141.83301    54
0  39.01605 141.83298    89
1  39.01154 141.83295    88
0  39.00702 141.83293   100
0  39.00251 141.83292   105
0  39.09729 141.83914    42
0  39.09277 141.83913    47
0  39.08826 141.83911    46
0  39.08374 141.83908    48
0  39.07923 141.83907    37
0  39.02055 141.83878    63
0  39.01604 141.83876    88
0  39.01152 141.83873    95
1  39.00701 141.83873    96
1  39.00249 141.83870   105
1  39.15144 141.84520    13
0  39.09727 141.84494    47
0  39.09275 141.84492    53
0  39.08824 141.84489    54
0  39.08373 141.84486    52
0  39.07922 141.84486    24
0  39.05664 141.84473    36
0  39.04762 141.84470    40
1  39.02505 141.84457    24
0  39.02053 141.84456    58
0  39.01602 141.84454    92
1  39.01151 141.84451    91
0  39.00699 141.84450   102
0  39.00248 141.84448   108
0  39.09725 141.85074    51
0  39.09274 141.85071    58
0  39.08822 141.85069    58
0  39.07920 141.85065    56
0  39.05211 141.85051    48
0  39.04760 141.85048    54
1  39.02502 141.85037    45
0  39.02051 141.85034    74
1  39.01600 141.85031    78
0  39.01149 141.85031   101
1  39.00697 141.85028    99
0  39.00246 141.85025   112
0  39.09723 141.85654    54
0  39.09272 141.85651    60
0  39.08820 141.85648    62
0  39.08369 141.85645    65
0  39.07918 141.85643    61
0  39.05209 141.85631    54
0  39.04758 141.85628    63
1  39.04306 141.85625    22
1  39.03855 141.85622    26
1  39.03404 141.85620    34
1  39.02952 141.85617    42
1  39.02501 141.85616    57
0  39.02050 141.85614    72
0  39.01598 141.85611    87
0  39.01147 141.85609    96
0  39.00695 141.85606   102
0  39.00244 141.85603   109
0  39.09270 141.86229    60
0  39.08819 141.86227    63
0  39.08368 141.86226    70
0  39.07916 141.86223    66
0  39.05659 141.86211    55
0  39.05207 141.86208    60
0  39.04756 141.86206    74
1  39.04305 141.86205    58
0  39.03854 141.86201    65
0  39.03402 141.86198    65
0  39.02951 141.86197    69
0  39.02499 141.86194    67
0  39.02048 141.86191    80
0  39.01596 141.86189    86
0  39.01145 141.86188    98
0  39.00694 141.86185   102
0  39.00242 141.86182   107
0  39.14234 141.86836    37
0  39.13783 141.86833    25
0  39.09268 141.86809    50
0  39.08817 141.86806    59
0  39.08366 141.86804    80
0  39.07914 141.86803    70
1  39.07463 141.86800    30
0  39.05657 141.86790    55
0  39.05206 141.86787    72
0  39.04754 141.86784    78
1  39.04303 141.86783    75
0  39.03851 141.86780    82
0  39.03400 141.86777    82
0  39.02948 141.86774    70
0  39.02497 141.86774    74
0  39.02046 141.86771    85
0  39.01594 141.86768    91
0  39.01143 141.86766    90
1  39.00692 141.86763   100
0  39.00240 141.86761   108
0  39.14232 141.87416    55
0  39.13780 141.87413    55
1  39.08815 141.87386    37
1  39.08364 141.87384    50
0  39.07912 141.87381    86
0  39.07461 141.87378    53
1  39.07010 141.87376    53
1  39.06107 141.87372    57
0  39.05655 141.87369    70
0  39.05204 141.87366    80
0  39.04752 141.87364    85
1  39.04301 141.87361    81
0  39.03850 141.87360    88
0  39.03399 141.87357    90
0  39.02947 141.87355    82
0  39.02496 141.87352    78
0  39.02044 141.87349    85
0  39.01593 141.87347    82
0  39.01141 141.87344    84
0  39.00690 141.87341   100
0  39.00238 141.87338   102
1  39.14682 141.87997    28
0  39.14230 141.87994    61
0  39.13779 141.87993    60
0  39.13327 141.87991    60
0  39.12876 141.87988    45
0  39.12424 141.87985    30
0  39.07910 141.87961    99
0  39.07458 141.87958    85
1  39.07008 141.87955    75
1  39.06556 141.87953    75
0  39.06105 141.87950    67
0  39.05654 141.87947    88
0  39.05202 141.87946    90
0  39.04750 141.87943    88
0  39.04299 141.87939    89
0  39.03848 141.87936    91
0  39.03396 141.87936    92
1  39.02945 141.87933    84
0  39.02494 141.87930    83
0  39.02042 141.87927    85
0  39.01591 141.87924    85
0  39.01139 141.87923    85
0  39.00688 141.87921    95
0  39.00236 141.87918   104
0  39.15131 141.88579    55
0  39.14680 141.88579    60
1  39.14228 141.88576    56
0  39.13777 141.88573    66
0  39.13325 141.88570    66
0  39.12874 141.88567    63
0  39.12423 141.88565    42
1  39.08812 141.88544    51
1  39.08360 141.88542    88
0  39.07908 141.88539    92
0  39.07457 141.88536    95
0  39.07006 141.88535    66
0  39.06554 141.88531    84
0  39.06103 141.88528    90
0  39.05651 141.88528    93
1  39.05200 141.88525    91
0  39.04749 141.88522    92
0  39.04297 141.88519    96
0  39.03846 141.88516    97
0  39.03394 141.88515    96
0  39.02943 141.88512    91
0  39.02492 141.88509    91
0  39.02040 141.88507    85
0  39.01589 141.88504    70
0  39.01138 141.88501    67
0  39.00686 141.88498    89
1  39.00235 141.88496   102
1  39.15580 141.89163    11
0  39.15129 141.89160    65
0  39.14678 141.89157    75
0  39.14226 141.89154    75
0  39.13774 141.89151    77
0  39.13323 141.89148    72
0  39.12872 141.89146    71
1  39.08809 141.89124    60
0  39.08358 141.89122    60
0  39.07906 141.89119    86
0  39.07455 141.89116   103
0  39.07003 141.89113    97
0  39.06552 141.89111    97
0  39.06101 141.89108    98
0  39.05650 141.89105    99
1  39.05198 141.89104    95
0  39.04747 141.89101    98
1  39.04295 141.89098    95
0  39.03843 141.89096   104
0  39.03392 141.89093    96
0  39.02941 141.89090    98
0  39.02490 141.89087    92
0  39.02039 141.89084    64
0  39.01587 141.89082    54
0  39.01135 141.89081    67
0  39.00684 141.89078    86
0  39.00232 141.89076    98
0  39.15578 141.89742    61
0  39.15127 141.89738    77
1  39.14676 141.89737    73
0  39.14224 141.89734    80
0  39.13773 141.89732    80
0  39.13321 141.89729    80
0  39.12870 141.89726    72
1  39.12418 141.89725    13
0  39.09259 141.89706    38
0  39.08807 141.89703    56
0  39.08356 141.89702    90
0  39.07904 141.89699    93
0  39.07453 141.89696   103
0  39.07001 141.89693   100
0  39.06550 141.89690   100
0  39.06099 141.89688   101
0  39.05647 141.89685   102
1  39.05196 141.89682   101
0  39.04744 141.89679   103
0  39.04293 141.89677   102
0  39.03841 141.89674   102
0  39.03391 141.89671    96
0  39.02939 141.89670    95
0  39.02488 141.89667    82
0  39.02036 141.89664    65
0  39.01585 141.89661    84
0  39.01133 141.89659    88
0  39.00682 141.89656    65
1  39.00230 141.89653   105
0  39.16028 141.90324    45
0  39.15577 141.90321    70
0  39.15125 141.90320    84
1  39.14674 141.90317    79
0  39.14222 141.90314    85
0  39.13771 141.90311    86
0  39.13319 141.90308    85
0  39.12868 141.90306    72
0  39.12417 141.90303    60
0  39.09257 141.90285    41
0  39.08805 141.90283    55
0  39.08354 141.90280    95
0  39.07903 141.90277   104
0  39.07451 141.90274   104
1  39.07000 141.90271   103
0  39.06548 141.90269   104
0  39.06097 141.90266   105
1  39.05645 141.90263   104
1  39.05194 141.90260   106
1  39.04742 141.90257   106
0  39.04291 141.90256   110
0  39.03839 141.90253    98
0  39.03389 141.90250   102
0  39.02937 141.90250    90
0  39.02486 141.90247    84
0  39.02034 141.90244    73
1  39.01583 141.90240    93
0  39.01131 141.90237    96
0  39.00680 141.90234    98
1  39.00228 141.90233   111
0  39.16477 141.90907    50
0  39.16026 141.90904    55
0  39.15574 141.90901    80
0  39.15123 141.90900    85
0  39.14671 141.90897    90
0  39.14220 141.90894    90
0  39.13768 141.90891    95
0  39.13317 141.90889    99
0  39.12866 141.90886    94
0  39.12415 141.90883    67
1  39.11963 141.90880    12
0  39.09706 141.90868    78
0  39.09255 141.90865    90
0  39.08803 141.90862   100
0  39.08352 141.90858   103
0  39.07900 141.90857   105
0  39.07449 141.90854   105
1  39.06997 141.90851   108
0  39.06546 141.90848   108
0  39.06095 141.90846   110
0  39.05643 141.90843   109
1  39.05192 141.90840   111
1  39.04740 141.90837   111
1  39.04289 141.90836   110
0  39.03838 141.90833   105
1  39.03386 141.90829   105
0  39.02935 141.90826    86
0  39.02484 141.90825    90
0  39.02032 141.90822    81
0  39.01581 141.90819    98
1  39.01129 141.90816   106
1  39.00678 141.90813   112
1  39.00227 141.90810   118
0  39.25955 141.91544    47
0  39.25503 141.91541    12
0  39.19635 141.91505    77
1  39.16926 141.91490    23
0  39.16475 141.91487    75
0  39.16024 141.91484    80
0  39.15572 141.91483    87
0  39.15121 141.91479    92
0  39.14669 141.91476    95
0  39.14218 141.91473    96
0  39.13766 141.91472   100
0  39.13315 141.91469   100
0  39.12864 141.91466   103
1  39.12412 141.91463    59
0  39.11961 141.91461    58
0  39.11509 141.91458    53
0  39.10156 141.91451    55
1  39.09704 141.91447    60
0  39.09253 141.91444   100
0  39.08801 141.91441   107
0  39.08350 141.91438   110
0  39.07898 141.91437   111
0  39.07447 141.91434   111
1  39.06995 141.91431   113
0  39.06544 141.91428   111
0  39.06093 141.91425   115
0  39.05641 141.91422   117
0  39.05190 141.91420   117
0  39.04738 141.91417   117
0  39.04287 141.91414   115
0  39.03835 141.91411   111
0  39.03384 141.91408   100
0  39.02933 141.91406   101
1  39.02481 141.91403   110
1  39.02030 141.91400   110
1  39.01579 141.91397   111
1  39.01127 141.91394   115
1  39.00676 141.91393   121
1  39.00225 141.91389   126
0  39.25953 141.92125    52
0  39.25501 141.92122    19
1  39.20535 141.92090     4
1  39.20084 141.92087    25
0  39.19633 141.92084    80
1  39.19181 141.92082    25
1  39.18730 141.92079    26
0  39.16925 141.92070    55
1  39.16473 141.92067    71
0  39.16022 141.92064    90
0  39.15570 141.92062    92
0  39.15119 141.92059    88
0  39.14667 141.92056   102
1  39.14216 141.92053    96
0  39.13764 141.92050   103
0  39.13313 141.92049   105
0  39.12862 141.92046   106
1  39.12410 141.92043    82
1  39.11959 141.92039    68
1  39.11507 141.92036    63
1  39.11056 141.92033    57
0  39.10153 141.92029    95
0  39.09702 141.92026   107
0  39.09250 141.92023   110
1  39.08799 141.92020   104
0  39.08347 141.92018   113
0  39.07896 141.92015   114
0  39.07445 141.92012   115
0  39.06994 141.92009   116
0  39.06542 141.92006   117
1  39.06091 141.92004   119
0  39.05639 141.92001   120
0  39.05188 141.91998   120
0  39.04736 141.91995   120
0  39.04285 141.91992   106
0  39.03834 141.91991   124
0  39.03382 141.91988   124
0  39.02931 141.91985   113
0  39.02479 141.91982   125
0  39.02028 141.91978   125
0  39.01576 141.91977   132
0  39.01125 141.91974   132
0  39.00673 141.91971   135
0  39.00222 141.91968   137
0  39.30013 141.92729    55
1  39.26402 141.92708     8
0  39.25951 141.92705    58
0  39.25499 141.92702    55
1  39.20985 141.92673    11
1  39.20533 141.92670    36
0  39.20082 141.92667    80
0  39.19631 141.92665    72
0  39.19179 141.92662    61
1  39.18728 141.92659    55
0  39.18276 141.92656    28
0  39.17825 141.92654    48
0  39.17373 141.92651    65
0  39.16922 141.92650    78
0  39.16471 141.92647    99
0  39.16019 141.92645    95
0  39.15568 141.92642    90
0  39.15117 141.92639   100
0  39.14665 141.92635   107
1  39.14214 141.92632   101
1  39.13763 141.92630   103
1  39.13311 141.92627   103
1  39.12860 141.92624   101
1  39.12408 141.92621    97
1  39.11957 141.92618    92
1  39.11505 141.92616    89
0  39.11054 141.92613    72
0  39.10602 141.92610    82
0  39.10151 141.92607    90
1  39.09700 141.92604   101
1  39.09248 141.92603   108
0  39.08797 141.92599   119
0  39.08345 141.92596   120
0  39.07894 141.92593   121
0  39.07442 141.92592   123
0  39.06991 141.92589   121
0  39.06540 141.92586   124
0  39.06088 141.92583   112
0  39.05637 141.92581   126
0  39.05185 141.92578   127
0  39.04734 141.92574   125
0  39.04283 141.92570   129
0  39.03832 141.92567   134
0  39.03380 141.92566   132
0  39.02929 141.92563   130
0  39.02477 141.92560   135
0  39.02026 141.92557   133
0  39.01574 141.92554   137
1  39.01123 141.92551   133
0  39.00672 141.92549   141
1  39.00220 141.92546   139
0  39.34525 141.93340    43
0  39.34074 141.93335    39
1  39.30462 141.93314     8
1  39.30011 141.93312    31
0  39.29560 141.93309    65
0  39.29108 141.93304    65
1  39.28657 141.93301    30
1  39.28205 141.93298    32
1  39.27753 141.93295    32
1  39.27302 141.93292    35
1  39.26851 141.93291    36
0  39.26400 141.93288    52
0  39.25948 141.93285    64
1  39.25497 141.93282     7
1  39.21434 141.93256    12
1  39.20982 141.93254    35
1  39.20531 141.93251    54
0  39.20080 141.93248    99
0  39.19629 141.93245    91
0  39.19177 141.93242    68
0  39.18726 141.93240    65
0  39.18274 141.93237    70
0  39.17823 141.93234    60
0  39.17371 141.93231    70
1  39.16920 141.93228    70
0  39.16469 141.93225   105
0  39.16017 141.93222    70
0  39.15566 141.93222    80
0  39.15114 141.93219   109
1  39.14663 141.93216   102
0  39.14211 141.93213   113
0  39.13760 141.93210   112
1  39.13309 141.93207   110
1  39.12857 141.93205   109
1  39.12406 141.93202   105
1  39.11954 141.93198   103
1  39.11503 141.93196   101
0  39.11052 141.93193    84
1  39.10600 141.93190   103
1  39.10149 141.93187   108
1  39.09698 141.93185   112
1  39.09246 141.93182   117
0  39.08795 141.93179   125
0  39.08344 141.93176   126
0  39.07892 141.93173   125
0  39.07440 141.93170   127
1  39.06989 141.93169   125
0  39.06538 141.93166   128
0  39.06086 141.93161   128
0  39.05635 141.93158   128
0  39.05183 141.93155   128
0  39.04732 141.93153   132
0  39.04280 141.93150   135
0  39.03829 141.93147   135
0  39.03378 141.93144   135
0  39.02926 141.93141   136
0  39.02475 141.93140   139
1  39.02023 141.93137   136
0  39.01572 141.93134   142
1  39.01121 141.93130   141
0  39.00670 141.93129   144
1  39.00218 141.93126   144
0  39.34071 141.93918    39
1  39.30460 141.93895    33
1  39.30009 141.93892    56
0  39.29557 141.93889    72
0  39.29106 141.93886    70
1  39.28654 141.93884    49
1  39.28203 141.93881    47
1  39.27752 141.93877    46
1  39.27300 141.93874    46
0  39.26849 141.93871    60
0  39.26398 141.93867    65
0  39.25946 141.93866    66
0  39.25495 141.93863    66
0  39.21432 141.93837    40
1  39.20980 141.93834    56
1  39.20529 141.93832    69
0  39.20078 141.93829   100
1  39.19626 141.93825    79
1  39.19175 141.93822    82
0  39.18723 141.93819    87
0  39.18272 141.93817    94
1  39.17820 141.93814    83
1  39.17369 141.93811    85
1  39.16918 141.93808    87
1  39.16466 141.93806    94
0  39.16015 141.93803    92
0  39.15563 141.93800    70
0  39.15112 141.93796   100
0  39.14661 141.93794   115
1  39.14209 141.93791   111
0  39.13758 141.93790   117
1  39.13307 141.93787   118
0  39.12855 141.93784   120
1  39.12404 141.93781   116
1  39.11952 141.93777   115
0  39.11501 141.93776   100
1  39.11049 141.93771   116
1  39.10598 141.93768   116
1  39.10147 141.93767   118
1  39.09695 141.93764   120
1  39.09244 141.93761   124
0  39.08792 141.93758   127
1  39.08341 141.93755   128
0  39.07890 141.93753   128
0  39.07438 141.93750   132
1  39.06987 141.93747   129
0  39.06535 141.93744   129
1  39.06084 141.93741   130
0  39.05633 141.93738   133
0  39.05182 141.93735   131
0  39.04730 141.93732   134
1  39.04279 141.93730   134
0  39.03827 141.93727   138
0  39.03376 141.93724   143
0  39.02924 141.93721   141
0  39.02473 141.93718   144
1  39.02021 141.93713   140
0  39.01570 141.93712   144
1  39.01118 141.93709   143
0  39.00667 141.93706   146
1  39.00216 141.93703   147
0  39.99975 141.94928    71
1  39.93655 141.94885    11
0  39.93204 141.94884    17
0  39.92752 141.94881    20
0  39.91850 141.94873    20
1  39.30458 141.94475    45
0  39.30006 141.94472    80
0  39.29555 141.94469    75
0  39.29103 141.94466    77
0  39.28652 141.94464    72
0  39.28201 141.94461    65
0  39.27749 141.94458    22
0  39.27298 141.94455    28
0  39.26847 141.94452    66
0  39.26395 141.94449    67
0  39.25944 141.94446    75
0  39.25492 141.94444    70
1  39.21429 141.94418    65
0  39.20978 141.94415    55
0  39.20527 141.94411    90
0  39.20075 141.94408   104
1  39.19624 141.94405    89
0  39.19173 141.94402   107
1  39.18721 141.94400    90
0  39.18270 141.94397   100
1  39.17818 141.94394    94
1  39.17367 141.94391    95
1  39.16916 141.94388    97
1  39.16464 141.94385   101
0  39.16013 141.94382    96
0  39.15561 141.94379   109
1  39.15110 141.94377   112
0  39.14658 141.94374   121
0  39.14207 141.94371   120
0  39.13756 141.94370   120
1  39.13305 141.94366   124
0  39.12853 141.94363   124
1  39.12401 141.94360   122
0  39.11950 141.94359   127
0  39.11498 141.94356   129
1  39.11047 141.94353   123
1  39.10596 141.94350   124
1  39.10144 141.94345   125
0  39.09693 141.94342   131
1  39.09241 141.94339   130
0  39.08790 141.94337   133
1  39.08339 141.94334   133
0  39.07887 141.94331   133
0  39.07436 141.94328   135
1  39.06985 141.94327   133
0  39.06533 141.94322   133
1  39.06082 141.94319   134
0  39.05630 141.94316   136
0  39.05179 141.94315   136
0  39.04728 141.94312   137
1  39.04276 141.94308   139
0  39.03825 141.94305   140
0  39.03373 141.94302   144
1  39.02922 141.94299   143
0  39.02470 141.94296   147
1  39.02019 141.94293   146
0  39.01567 141.94292   147
1  39.01117 141.94289   148
0  39.00665 141.94286   148
1  39.00214 141.94283   151
1  39.99973 141.95514    66
0  39.99521 141.95511    83
0  39.99070 141.95508    53
1  39.94104 141.95476     7
1  39.93653 141.95471    35
1  39.93201 141.95468    14
1  39.92750 141.95467    26
1  39.92299 141.95464    25
0  39.91848 141.95461    23
0  39.91396 141.95457    11
0  39.90493 141.95451    10
1  39.58895 141.95242    13
1  39.47158 141.95164     2
0  39.34970 141.95087    38
0  39.34518 141.95084    45
1  39.30907 141.95059    14
0  39.30456 141.95058    75
0  39.30005 141.95055    85
0  39.29553 141.95052    84
0  39.29102 141.95047    85
1  39.28650 141.95044    76
0  39.28198 141.95041    70
1  39.27747 141.95039    73
0  39.27296 141.95036    22
0  39.26844 141.95033    64
0  39.26393 141.95030    75
0  39.25941 141.95027    72
1  39.25490 141.95024    50
1  39.21428 141.94998    79
0  39.20976 141.94994    70
1  39.20525 141.94991    92
0  39.20073 141.94989   106
1  39.19622 141.94986    98
1  39.19170 141.94983   102
1  39.18719 141.94980   102
0  39.18267 141.94977   107
0  39.17816 141.94974   112
1  39.17365 141.94971   106
0  39.16913 141.94969   117
1  39.16462 141.94966   110
1  39.16010 141.94963   112
1  39.15559 141.94958   116
1  39.15107 141.94955   117
0  39.14656 141.94952   122
0  39.14205 141.94951   125
0  39.13754 141.94948   125
1  39.13302 141.94945   126
0  39.12851 141.94942   126
1  39.12399 141.94940   126
0  39.11948 141.94937   128
0  39.11496 141.94934   132
1  39.11045 141.94931   130
0  39.10594 141.94928   136
0  39.10143 141.94926   135
0  39.09691 141.94922   134
0  39.09240 141.94919   144
0  39.08788 141.94917   135
0  39.08336 141.94914   136
0  39.07885 141.94911   136
0  39.07434 141.94908   137
1  39.06982 141.94904   137
0  39.06531 141.94901   138
0  39.06079 141.94899   139
0  39.05628 141.94896   138
1  39.05177 141.94893   139
0  39.04725 141.94890   140
0  39.04274 141.94888   149
0  39.03822 141.94884   143
0  39.03371 141.94881   145
1  39.02920 141.94878   146
0  39.02468 141.94876   148
1  39.02017 141.94873   149
0  39.01566 141.94870   149
1  39.01114 141.94865   152
0  39.00663 141.94864   152
0  39.00211 141.94861   153
1  39.99970 141.96100    94
0  39.99519 141.96100    86
0  39.99068 141.96097    80
0  39.98616 141.96092    76
1  39.98165 141.96089    49
1  39.97713 141.96086    41
1  39.97262 141.96083    29
0  39.96811 141.96080    41
1  39.96359 141.96077     7
1  39.95908 141.96074    11
1  39.94102 141.96062    28
1  39.93651 141.96059    42
1  39.93199 141.96056    38
1  39.92748 141.96053    47
1  39.92297 141.96049    46
1  39.91845 141.96046    35
1  39.91394 141.96043    71
1  39.90942 141.96040    45
1  39.90491 141.96037    11
1  39.90039 141.96036     2
1  39.47156 141.95747     4
1  39.46704 141.95746     4
0  39.30905 141.95641    53
0  39.30453 141.95638    80
0  39.30002 141.95634    90
0  39.29551 141.95631    89
0  39.29099 141.95630    92
1  39.28648 141.95625    79
1  39.28196 141.95622    77
1  39.27745 141.95619    77
0  39.27293 141.95616    58
0  39.26842 141.95615    75
0  39.26391 141.95610    89
0  39.25940 141.95609    70
1  39.25488 141.95605    62
1  39.24134 141.95596    18
1  39.23682 141.95592    19
1  39.23231 141.95589    26
1  39.22779 141.95587    39
1  39.22328 141.95584    53
1  39.21877 141.95581    64
0  39.21425 141.95578    65
0  39.20974 141.95575   100
0  39.20522 141.95572   100
1  39.20071 141.95569   100
1  39.19619 141.95566   105
0  39.19168 141.95563   113
1  39.18716 141.95560   111
0  39.18265 141.95557   115
0  39.17814 141.95554   117
1  39.17362 141.95552   116
0  39.16911 141.95547   122
0  39.16459 141.95544   125
0  39.16008 141.95541   126
0  39.15556 141.95538   124
0  39.15105 141.95537   126
1  39.14653 141.95534   123
0  39.14203 141.95529   127
0  39.13751 141.95528   127
1  39.13300 141.95525   129
0  39.12848 141.95522   130
0  39.12397 141.95518   135
0  39.11945 141.95515   132
0  39.11494 141.95512   136
1  39.11043 141.95511   134
0  39.10592 141.95508   137
1  39.10140 141.95505   136
0  39.09689 141.95502   137
1  39.09237 141.95499   138
0  39.08786 141.95496   140
0  39.08334 141.95493   137
0  39.07883 141.95490   137
0  39.07431 141.95488   141
1  39.06980 141.95483   139
0  39.06528 141.95480   141
0  39.06077 141.95479   140
0  39.05626 141.95476   140
1  39.05175 141.95473   141
0  39.04723 141.95468   144
1  39.04272 141.95465   143
0  39.03820 141.95462   145
0  39.03369 141.95459   150
1  39.02917 141.95457   148
0  39.02466 141.95454   151
1  39.02015 141.95451   151
0  39.01563 141.95448   153
1  39.01112 141.95445   153
0  39.00660 141.95442   154
1  39.00209 141.95439   155
1  39.99968 141.96687   101
0  39.99517 141.96683    92
0  39.99065 141.96681    85
0  39.98614 141.96680    89
0  39.98162 141.96677    77
0  39.97711 141.96672    76
0  39.97260 141.96671    70
0  39.96808 141.96667    70
0  39.96357 141.96664    62
0  39.95906 141.96661    42
1  39.95454 141.96658    15
1  39.95003 141.96655    28
0  39.94551 141.96651    36
0  39.94100 141.96648    40
0  39.93648 141.96645    40
1  39.93197 141.96642    50
1  39.92746 141.96638    51
1  39.92295 141.96635    52
1  39.91843 141.96634    47
1  39.91392 141.96631    45
1  39.90940 141.96626    45
1  39.90489 141.96623    36
0  39.90037 141.96620    31
1  39.89586 141.96619    10
1  39.45799 141.96320     4
1  39.39931 141.96281    20
1  39.39028 141.96277     9
1  39.38125 141.96271    21
1  39.36319 141.96259    24
1  39.35416 141.96252     2
0  39.34965 141.96249    54
0  39.30902 141.96222    61
0  39.30451 141.96220    85
0  39.30000 141.96214    95
1  39.29548 141.96213    86
0  39.29097 141.96210    97
1  39.28645 141.96207    85
1  39.28194 141.96204    83
1  39.27743 141.96201    83
0  39.27291 141.96198    85
0  39.26840 141.96194    87
0  39.26389 141.96193    95
0  39.25937 141.96188    65
1  39.25486 141.96185    71
1  39.24131 141.96178    58
1  39.23680 141.96173    61
0  39.23228 141.96170    50
0  39.22777 141.96167    59
1  39.22326 141.96164    81
1  39.21874 141.96161    84
0  39.21423 141.96158   100
1  39.20971 141.96156   100
1  39.20520 141.96153   104
0  39.20068 141.96150   110
1  39.19617 141.96146   109
0  39.19166 141.96143   115
1  39.18714 141.96140   116
0  39.18263 141.96136   116
0  39.17812 141.96133   121
1  39.17360 141.96130   121
0  39.16909 141.96127   121
1  39.16457 141.96126   125
0  39.16006 141.96123   127
0  39.15554 141.96118   130
0  39.15103 141.96115   130
0  39.14652 141.96114   131
0  39.14201 141.96111   132
0  39.13749 141.96107   132
0  39.13297 141.96103   133
0  39.12846 141.96100   133
0  39.12394 141.96098   133
0  39.11943 141.96095   135
0  39.11491 141.96091   137
0  39.11040 141.96091   138
0  39.10589 141.96088   139
0  39.10138 141.96085   139
0  39.09686 141.96082   140
0  39.09235 141.96077   140
0  39.08783 141.96074   141
0  39.08332 141.96072   142
0  39.07881 141.96069   141
0  39.07429 141.96066   144
0  39.06978 141.96063   142
0  39.06527 141.96060   143
0  39.06075 141.96057   144
0  39.05624 141.96054   145
0  39.05172 141.96051   146
0  39.04721 141.96048   146
0  39.04269 141.96045   147
0  39.03818 141.96042   148
0  39.03366 141.96040   153
0  39.02915 141.96034   152
0  39.02464 141.96033   154
0  39.02012 141.96030   154
0  39.01561 141.96027   155
0  39.01109 141.96024   157
0  39.00658 141.96021   160
0  39.00207 141.96017   160
1  39.99965 141.97273    95
0  39.99515 141.97272    94
1  39.99063 141.97269    98
0  39.98612 141.97264    93
1  39.98160 141.97261    94
0  39.97709 141.97260    90
1  39.97257 141.97256    82
0  39.96806 141.97253    80
0  39.96354 141.97250    70
0  39.95903 141.97247    74
1  39.95452 141.97243    60
1  39.95000 141.97241    57
0  39.94549 141.97238    50
0  39.94097 141.97235    52
0  39.93646 141.97232    60
1  39.93195 141.97229    60
0  39.92744 141.97226    53
0  39.92292 141.97221    54
1  39.91841 141.97220    69
0  39.91389 141.97217    56
1  39.90938 141.97212    60
1  39.90486 141.97209    55
1  39.90035 141.97206    42
1  39.89584 141.97203    43
1  39.89132 141.97200    20
1  39.88681 141.97197     2
1  39.40831 141.96869     5
1  39.40380 141.96867     6
1  39.39928 141.96863    37
1  39.39477 141.96861    40
0  39.39025 141.96858    47
1  39.38574 141.96857     6
1  39.37671 141.96849     2
1  39.36768 141.96843    17
1  39.36317 141.96840    29
1  39.35865 141.96837    27
1  39.35414 141.96834    13
0  39.34962 141.96832    50
0  39.34511 141.96826    40
0  39.30900 141.96803    75
0  39.30449 141.96800    85
0  39.29997 141.96797   100
0  39.29546 141.96793   102
0  39.29094 141.96790    99
0  39.28643 141.96788   103
0  39.28191 141.96785   100
0  39.27740 141.96782    84
0  39.27289 141.96779    90
0  39.26838 141.96776    98
0  39.26386 141.96773    97
0  39.25935 141.96768    75
1  39.25483 141.96765    83
0  39.24129 141.96756    75
0  39.23678 141.96753    85
0  39.23226 141.96751    85
0  39.22775 141.96748    90
0  39.22323 141.96745    95
0  39.21872 141.96741   103
0  39.21421 141.96739   106
0  39.20969 141.96736   108
0  39.20518 141.96733   112
1  39.20066 141.96729   112
0  39.19615 141.96725   114
0  39.19163 141.96724   117
0  39.18712 141.96721   117
0  39.18260 141.96718   120
0  39.17809 141.96715   124
0  39.17358 141.96712   124
0  39.16906 141.96709   126
0  39.16455 141.96704   126
0  39.16003 141.96701   129
1  39.15552 141.96698   130
0  39.15100 141.96696   132
1  39.14650 141.96692   132
0  39.14198 141.96689   133
0  39.13747 141.96687   134
1  39.13295 141.96684   134
0  39.12844 141.96680   136
1  39.12392 141.96677   136
0  39.11941 141.96675   138
1  39.11489 141.96672   139
1  39.11038 141.96667   140
0  39.10587 141.96664   141
1  39.10135 141.96661   142
0  39.09684 141.96660   142
1  39.09232 141.96657   143
0  39.08781 141.96654   145
1  39.08330 141.96652   144
0  39.07878 141.96649   146
0  39.07427 141.96646   147
0  39.06976 141.96642   145
0  39.06524 141.96638   145
1  39.06073 141.96635   147
0  39.05621 141.96634   148
1  39.05170 141.96629   144
0  39.04719 141.96626   151
1  39.04267 141.96625   146
1  39.03816 141.96622   149
0  39.03364 141.96617   155
1  39.02913 141.96614   156
0  39.02461 141.96613   160
1  39.02010 141.96609   160
0  39.01559 141.96605   158
1  39.01107 141.96602   162
0  39.00656 141.96599   166
1  39.00204 141.96596   165
1  39.99963 141.97861    97
0  39.99512 141.97858    96
1  39.99060 141.97855    98
0  39.98609 141.97852    95
1  39.98158 141.97849    96
0  39.97707 141.97844    93
1  39.97255 141.97842    95
0  39.96804 141.97841    90
0  39.96352 141.97836    80
1  39.95901 141.97835    81
0  39.95449 141.97832    76
1  39.94998 141.97829    69
0  39.94547 141.97824    70
1  39.94095 141.97821    65
0  39.93644 141.97818    70
1  39.93192 141.97815    64
0  39.92741 141.97812    70
0  39.92290 141.97809    67
1  39.91838 141.97804    66
0  39.91387 141.97803    67
1  39.90935 141.97800    64
0  39.90484 141.97795    65
1  39.90032 141.97792    59
0  39.89581 141.97791    60
0  39.89130 141.97786    51
0  39.88678 141.97783    54
1  39.87775 141.97777     8
1  39.41280 141.97453     5
1  39.40829 141.97450    19
0  39.40377 141.97449    50
0  39.39926 141.97444    54
1  39.39474 141.97443    46
0  39.39023 141.97440    58
1  39.38572 141.97437    51
1  39.38120 141.97433    54
1  39.37669 141.97430    41
1  39.37217 141.97429    51
1  39.36766 141.97424    47
1  39.36315 141.97421    32
0  39.35863 141.97418    65
1  39.35412 141.97415    14
0  39.34960 141.97412    53
0  39.34509 141.97409    62
1  39.30898 141.97385    54
1  39.30446 141.97380    82
1  39.29995 141.97377    92
1  39.29543 141.97375    98
1  39.29092 141.97372   102
1  39.28640 141.97368   102
1  39.28189 141.97365   102
1  39.27738 141.97363   101
0  39.27287 141.97359   102
1  39.26835 141.97356    96
0  39.26384 141.97354   107
0  39.25932 141.97351    87
1  39.25481 141.97346    92
1  39.25029 141.97343    93
1  39.24578 141.97340    91
0  39.24127 141.97337    85
0  39.23675 141.97334   110
1  39.23224 141.97331    99
1  39.22772 141.97330   101
0  39.22321 141.97324   104
1  39.21869 141.97322   106
0  39.21418 141.97319   114
0  39.20967 141.97316   118
1  39.20515 141.97313   115
0  39.20064 141.97310   120
1  39.19612 141.97307   120
0  39.19161 141.97302   117
1  39.18709 141.97301   123
0  39.18258 141.97298   122
0  39.17807 141.97295   126
1  39.17355 141.97290   127
0  39.16904 141.97287   129
1  39.16452 141.97285   130
0  39.16001 141.97282   130
0  39.15550 141.97278   143
0  39.15098 141.97276   133
1  39.14647 141.97273   135
0  39.14196 141.97269   136
0  39.13744 141.97266   138
1  39.13293 141.97263   137
0  39.12841 141.97260   139
1  39.12390 141.97256   139
0  39.11938 141.97253   140
0  39.11487 141.97250   142
1  39.11036 141.97249   143
0  39.10584 141.97244   142
1  39.10133 141.97241   145
0  39.09681 141.97238   146
1  39.09230 141.97235   146
0  39.08778 141.97234   148
1  39.08327 141.97231   147
0  39.07876 141.97227   146
0  39.07424 141.97224   150
1  39.06973 141.97221   148
0  39.06522 141.97218   150
1  39.06070 141.97215   150
0  39.05619 141.97211   151
0  39.05168 141.97208   153
0  39.04716 141.97206   153
0  39.04265 141.97203   154
0  39.03813 141.97200   154
0  39.03362 141.97197   156
1  39.02910 141.97194   160
0  39.02459 141.97191   162
1  39.02007 141.97186   164
0  39.01556 141.97183   165
1  39.01105 141.97182   167
0  39.00653 141.97179   169
1  39.00202 141.97174   170
0  39.99961 141.98448    99
0  39.99509 141.98445    98
0  39.99058 141.98442    97
0  39.98606 141.98439    97
0  39.98155 141.98434    96
0  39.97704 141.98431    96
0  39.97253 141.98428    94
0  39.96801 141.98425    95
0  39.96350 141.98422    90
0  39.95898 141.98421    83
0  39.95447 141.98418    84
0  39.94995 141.98415    80
0  39.94544 141.98412    80
0  39.94093 141.98407    76
0  39.93641 141.98404    75
0  39.93190 141.98401    73
0  39.92738 141.98398    77
0  39.92287 141.98396    76
0  39.91835 141.98390    73
0  39.91384 141.98389    72
0  39.90933 141.98386    72
0  39.90482 141.98383    73
0  39.90030 141.98380    69
0  39.89579 141.98376    72
0  39.89127 141.98372    68
0  39.88676 141.98369    70
0  39.88224 141.98366    60
0  39.87773 141.98363    51
1  39.87321 141.98360    16
0  39.86871 141.98357    47
0  39.86419 141.98354    47
1  39.85968 141.98351     6
1  39.85516 141.98347     3
1  39.85064 141.98343     8
1  39.67459 141.98219     6
1  39.67009 141.98218     7
1  39.66557 141.98213    19
0  39.66106 141.98210    20
0  39.65654 141.98209    24
1  39.47598 141.98082    33
1  39.47146 141.98077     5
1  39.46695 141.98074    10
1  39.46243 141.98071    27
1  39.41278 141.98036     2
0  39.40375 141.98032    52
0  39.39924 141.98027    59
0  39.39472 141.98024    69
0  39.39021 141.98021    69
1  39.38569 141.98018    68
1  39.38118 141.98015    62
1  39.37667 141.98013    54
0  39.37215 141.98009    72
1  39.36764 141.98006    68
0  39.36312 141.98003    73
0  39.35861 141.98000    70
0  39.35409 141.97997    50
0  39.34958 141.97993    51
1  39.34507 141.97992    20
1  39.32701 141.97977     6
1  39.32249 141.97975    16
1  39.31798 141.97972    24
0  39.31347 141.97968    39
1  39.30444 141.97963    89
1  39.29992 141.97958    97
0  39.29541 141.97955   115
0  39.29089 141.97952   117
0  39.28638 141.97949   111
0  39.28187 141.97946   112
1  39.27735 141.97943   107
0  39.27284 141.97942   102
1  39.26833 141.97935   103
1  39.26381 141.97934    99
1  39.25930 141.97931   100
0  39.25478 141.97926    80
0  39.25027 141.97925    60
0  39.24576 141.97922    85
1  39.24124 141.97917   102
1  39.23673 141.97914   104
0  39.23221 141.97913   118
0  39.22770 141.97910   120
0  39.22318 141.97905    97
1  39.21867 141.97902   114
0  39.21416 141.97899   120
0  39.20964 141.97896   122
1  39.20513 141.97893   121
0  39.20061 141.97890   123
1  39.19610 141.97885   124
0  39.19158 141.97882   125
1  39.18707 141.97881   126
0  39.18256 141.97878   125
0  39.17804 141.97874   127
0  39.17353 141.97871   139
0  39.16901 141.97868   131
1  39.16450 141.97864   133
0  39.15998 141.97861   133
1  39.15547 141.97859   135
0  39.15096 141.97855   137
0  39.14645 141.97852   136
0  39.14193 141.97849   138
0  39.13742 141.97847   140
1  39.13290 141.97842   140
0  39.12839 141.97839   141
1  39.12387 141.97838   142
0  39.11936 141.97832   142
0  39.11485 141.97830   144
1  39.11033 141.97827   145
0  39.10582 141.97824   146
1  39.10131 141.97821   147
0  39.09679 141.97818   147
1  39.09227 141.97815   148
0  39.08776 141.97810   150
0  39.08325 141.97807   150
0  39.07874 141.97807   150
0  39.07422 141.97803   152
1  39.06971 141.97800   152
0  39.06519 141.97797   153
0  39.06068 141.97795   153
0  39.05616 141.97791   153
1  39.05165 141.97787   156
0  39.04714 141.97786   157
1  39.04262 141.97781   159
0  39.03811 141.97778   162
0  39.03359 141.97775   163
1  39.02908 141.97772   164
0  39.02456 141.97769   164
1  39.02005 141.97766   166
0  39.01554 141.97763   168
1  39.01102 141.97758   170
0  39.00651 141.97755   171
0  39.00200 141.97754   174
1  39.99959 141.99034   100
0  39.99507 141.99031   100
1  39.99056 141.99030    99
0  39.98604 141.99025   100
1  39.98153 141.99022    97
0  39.97701 141.99020    98
1  39.97250 141.99014    98
0  39.96798 141.99013    98
0  39.96347 141.99008    96
1  39.95896 141.99007    91
0  39.95444 141.99004    90
1  39.94993 141.99001    87
0  39.94542 141.98997    88
1  39.94090 141.98994    85
0  39.93639 141.98991    85
1  39.93187 141.98988    83
0  39.92736 141.98984    83
0  39.92284 141.98981    82
1  39.91833 141.98978    80
0  39.91381 141.98975    80
1  39.90930 141.98972    77
0  39.90479 141.98967    81
1  39.90028 141.98965    79
0  39.89576 141.98962    80
1  39.89125 141.98958    80
0  39.88673 141.98955    80
0  39.88222 141.98952    76
1  39.87770 141.98949    71
0  39.87319 141.98946    60
0  39.86868 141.98941    51
0  39.86417 141.98938    60
1  39.85965 141.98935    50
1  39.85514 141.98932    46
1  39.85062 141.98929    28
1  39.84611 141.98927    27
1  39.84159 141.98923    21
1  39.73325 141.98845     6
1  39.72422 141.98839     5
1  39.71971 141.98834    17
1  39.71068 141.98830    21
1  39.70617 141.98827    29
1  39.70166 141.98824    25
1  39.69714 141.98819    18
1  39.69263 141.98816    28
1  39.68811 141.98813    21
1  39.68360 141.98810    22
1  39.67908 141.98807    27
1  39.67458 141.98804    25
0  39.66555 141.98796    40
0  39.66103 141.98796    33
0  39.65652 141.98792    34
1  39.65200 141.98788    63
0  39.64749 141.98785    29
1  39.47595 141.98663    54
1  39.47144 141.98660    49
1  39.46692 141.98656    61
1  39.46241 141.98654    45
1  39.40372 141.98613    46
0  39.39921 141.98608    50
0  39.39469 141.98605    76
0  39.39018 141.98602    78
0  39.38567 141.98599    80
0  39.38116 141.98596    73
0  39.37664 141.98593    75
0  39.37213 141.98590    75
1  39.36761 141.98589    79
0  39.36310 141.98586    75
0  39.35858 141.98581    65
0  39.35407 141.98578    50
0  39.33601 141.98564    45
0  39.33150 141.98561    45
0  39.32698 141.98560    52
0  39.32247 141.98555    57
0  39.31796 141.98553    75
1  39.31345 141.98550    73
1  39.29990 141.98540   103
0  39.29539 141.98537   115
0  39.29087 141.98534   119
0  39.28635 141.98531   119
0  39.28185 141.98528   116
1  39.27733 141.98524   113
0  39.27282 141.98521   113
1  39.26830 141.98517   110
0  39.26379 141.98514   112
1  39.25927 141.98511   109
1  39.25476 141.98508   109
0  39.25024 141.98505   100
1  39.24573 141.98502   110
0  39.24121 141.98497   122
1  39.23670 141.98495   113
0  39.23219 141.98492   122
0  39.22767 141.98488   128
0  39.22316 141.98486   119
1  39.21865 141.98483   121
0  39.21413 141.98479   125
0  39.20962 141.98476   127
1  39.20510 141.98474   125
0  39.20059 141.98471   127
1  39.19608 141.98466   127
0  39.19156 141.98463   127
1  39.18705 141.98460   129
0  39.18253 141.98457   130
0  39.17802 141.98454   132
1  39.17350 141.98451   133
0  39.16899 141.98447   133
1  39.16447 141.98444   135
0  39.15996 141.98442   137
0  39.15545 141.98438   138
1  39.15094 141.98436   139
1  39.14642 141.98433   140
0  39.14191 141.98428   140
0  39.13739 141.98425   143
1  39.13288 141.98422   143
0  39.12836 141.98419   143
1  39.12385 141.98416   145
0  39.11934 141.98413   145
0  39.11483 141.98410   147
1  39.11031 141.98407   149
0  39.10580 141.98404   149
0  39.10128 141.98399   152
0  39.09677 141.98396   150
1  39.09225 141.98393   153
0  39.08774 141.98390   155
1  39.08323 141.98387   154
0  39.07871 141.98386   152
0  39.07420 141.98380   155
1  39.06968 141.98380   157
0  39.06517 141.98376   156
1  39.06065 141.98373   159
0  39.05614 141.98370   158
1  39.05162 141.98367   161
0  39.04711 141.98364   161
1  39.04260 141.98360   165
0  39.03808 141.98358   164
0  39.03357 141.98355   168
1  39.02906 141.98351   169
0  39.02454 141.98347   175
1  39.02003 141.98344   173
0  39.01551 141.98341   176
1  39.01100 141.98338   177
0  39.00648 141.98337   179
1  39.00197 141.98331   181
1  39.99956 141.99622   101
0  39.99505 141.99619   103
1  39.99053 141.99615   101
0  39.98602 141.99612   102
1  39.98150 141.99609    99
0  39.97699 141.99605   101
1  39.97247 141.99602   101
0  39.96796 141.99599    99
0  39.96345 141.99596    98
1  39.95893 141.99591    97
0  39.95442 141.99590    97
1  39.94990 141.99586    93
0  39.94539 141.99582    93
1  39.94087 141.99580    88
0  39.93637 141.99577    86
0  39.93185 141.99574    87
0  39.92734 141.99571    86
0  39.92282 141.99567    87
1  39.91831 141.99564    84
0  39.91379 141.99561    85
1  39.90928 141.99557    83
0  39.90476 141.99556    85
1  39.90025 141.99550    85
0  39.89574 141.99548    85
1  39.89122 141.99544    86
0  39.88671 141.99541    82
0  39.88219 141.99539    80
1  39.87768 141.99535    78
0  39.87317 141.99532    78
1  39.86865 141.99527    78
0  39.86414 141.99525    76
1  39.85963 141.99522    71
0  39.85511 141.99518    60
1  39.85060 141.99516    47
0  39.84608 141.99512    60
0  39.84157 141.99509    50
1  39.83706 141.99506    41
1  39.83254 141.99503    34
1  39.82803 141.99500    34
1  39.82351 141.99495    20
1  39.81900 141.99492    24
1  39.81448 141.99489     7
1  39.80546 141.99483     6
1  39.80094 141.99478     2
1  39.79643 141.99475     3
1  39.75580 141.99446    10
1  39.74226 141.99435    12
1  39.73775 141.99432    17
1  39.73323 141.99429    21
0  39.72872 141.99426    30
0  39.72420 141.99425    34
1  39.71969 141.99420    30
1  39.71517 141.99417    32
1  39.71066 141.99413    40
1  39.70615 141.99409    43
0  39.70163 141.99408    46
0  39.69712 141.99403    44
0  39.69260 141.99400    44
0  39.68809 141.99399    40
1  39.68357 141.99394    36
1  39.67906 141.99391    39
0  39.67455 141.99388    48
0  39.67003 141.99385    53
1  39.66552 141.99382    47
0  39.66100 141.99377    50
1  39.65649 141.99374    64
0  39.65198 141.99373    38
0  39.64295 141.99367    29
1  39.47593 141.99246    24
1  39.47141 141.99242    41
0  39.46690 141.99239    44
0  39.46239 141.99236    42
0  39.45787 141.99232    38
1  39.40370 141.99194    41
1  39.39919 141.99191    66
0  39.39467 141.99188    70
1  39.39016 141.99184    79
0  39.38564 141.99181    82
0  39.38113 141.99178    85
1  39.37661 141.99174    85
0  39.37210 141.99171    85
1  39.36758 141.99168    81
0  39.36307 141.99164    78
0  39.35855 141.99164    56
1  39.35404 141.99161    59
1  39.34050 141.99150    64
0  39.33599 141.99147    68
0  39.33147 141.99144    70
0  39.32696 141.99139    69
0  39.32244 141.99136    85
0  39.31794 141.99135    87
1  39.31342 141.99130    90
1  39.30891 141.99129    98
1  39.30439 141.99126   105
0  39.29988 141.99121   100
0  39.29536 141.99118   115
0  39.29085 141.99113   120
1  39.28633 141.99112   116
0  39.28182 141.99109   118
1  39.27731 141.99104   118
0  39.27279 141.99101   118
1  39.26828 141.99100   116
0  39.26376 141.99095   118
1  39.25925 141.99092   115
0  39.25473 141.99089   122
1  39.25022 141.99086   116
0  39.24570 141.99083   122
0  39.24119 141.99078   125
1  39.23668 141.99075   120
0  39.23216 141.99072   125
1  39.22765 141.99069   124
0  39.22313 141.99066   128
1  39.21862 141.99063   127
0  39.21411 141.99059   128
0  39.20959 141.99057   130
1  39.20507 141.99054   130
0  39.20057 141.99049   130
1  39.19605 141.99048   132
0  39.19154 141.99045   132
0  39.18703 141.99040   139
0  39.18251 141.99037   133
0  39.17799 141.99034   135
1  39.17348 141.99031   136
0  39.16896 141.99028   137
1  39.16445 141.99025   138
0  39.15993 141.99022   139
0  39.15542 141.99019   138
0  39.15091 141.99014   140
0  39.14640 141.99011   142
0  39.14188 141.99008   143
0  39.13737 141.99005   144
1  39.13285 141.99002   146
0  39.12834 141.98999   146
1  39.12383 141.98994   148
0  39.11931 141.98991   148
0  39.11480 141.98990   150
0  39.11028 141.98985   151
0  39.10577 141.98984   152
1  39.10126 141.98979   154
0  39.09674 141.98976   152
0  39.09223 141.98973   154
0  39.08772 141.98969   155
1  39.08320 141.98967   158
0  39.07869 141.98964   157
0  39.07417 141.98959   161
1  39.06966 141.98958   161
0  39.06514 141.98955   160
1  39.06063 141.98952   163
0  39.05611 141.98949   163
1  39.05160 141.98946   165
0  39.04708 141.98943   168
1  39.04257 141.98940   167
0  39.03806 141.98936   169
0  39.03354 141.98932   176
1  39.02903 141.98929   173
0  39.02452 141.98927   177
1  39.02000 141.98923   178
0  39.01549 141.98920   181
1  39.01097 141.98918   179
0  39.00646 141.98914   187
0  39.00195 141.98911   187
0  39.71064 141.99997    56
0  39.70612 141.99994    51
0  39.70161 141.99992    55
0  39.69709 141.99988    55
0  39.69258 141.99985    50
1  39.68806 141.99980    52
1  39.68355 141.99979    55
0  39.67904 141.99974    56
0  39.67453 141.99971    60
0  39.67001 141.99969    60
1  39.66550 141.99965    60
0  39.66098 141.99962    52
0  39.65647 141.99957    54
0  39.65195 141.99956    40
0  39.64744 141.99953    41
1  39.47590 141.99828    36
0  39.47139 141.99826    49
0  39.46687 141.99821    46
0  39.46236 141.99820    44
1  39.40819 141.99779    39
0  39.39465 141.99770    58
0  39.39013 141.99767    87
1  39.38562 141.99763    91
0  39.38111 141.99760    90
1  39.37659 141.99756    86
0  39.37208 141.99753    91
1  39.36756 141.99750    77
0  39.36304 141.99747    75
0  39.35853 141.99744    67
1  39.35402 141.99739    64
0  39.34499 141.99734    60
0  39.34048 141.99731    80
0  39.33596 141.99728    95
0  39.33145 141.99725    93
1  39.32693 141.99722    82
0  39.32242 141.99718   100
1  39.31791 141.99715    92
0  39.31339 141.99712    76
1  39.30888 141.99709   104
1  39.30436 141.99706   109
0  39.29985 141.99704   105
0  39.29533 141.99698   100
0  39.29082 141.99696   120
1  39.28631 141.99692   118
0  39.28179 141.99690   121
1  39.27728 141.99687   121
0  39.27277 141.99683   121
1  39.26825 141.99680   121
0  39.26374 141.99675   121
1  39.25922 141.99673   119
0  39.25471 141.99670   125
1  39.25020 141.99666   121
0  39.24568 141.99663   127
0  39.24117 141.99660   127
1  39.23665 141.99657   124
0  39.23214 141.99654   130
1  39.22762 141.99649   129
0  39.22311 141.99648   131
0  39.21860 141.99644   131
0  39.21408 141.99640   134
0  39.20957 141.99637   134
0  39.20506 141.99634   139
0  39.20054 141.99631   133
1  39.19602 141.99628   135
0  39.19151 141.99623   135
1  39.18700 141.99620   136
0  39.18248 141.99617   137
0  39.17797 141.99614   138
0  39.17345 141.99611   136
0  39.16894 141.99606   139
0  39.16442 141.99605   140
0  39.15991 141.99602   141
1  39.15540 141.99597   143
0  39.15089 141.99596   143
1  39.14637 141.99591   145
0  39.14186 141.99588   145
0  39.13734 141.99585   147
0  39.13283 141.99580   150
0  39.12831 141.99579   149
1  39.12380 141.99574   151
0  39.11929 141.99573   149
0  39.11477 141.99570   151
1  39.11026 141.99565   155
0  39.10574 141.99562   156
1  39.10123 141.99559   157
0  39.09671 141.99556   158
1  39.09220 141.99553   159
0  39.08769 141.99548   159
0  39.08317 141.99545   161
1  39.07866 141.99542   163
0  39.07415 141.99539   166
1  39.06963 141.99536   165
0  39.06512 141.99533   168
1  39.06060 141.99530   168
0  39.05609 141.99527   165
1  39.05158 141.99524   170
0  39.04706 141.99521   171
1  39.04255 141.99518   175
0  39.03803 141.99515   172
0  39.03352 141.99512   181
1  39.02900 141.99510   181
0  39.02449 141.99504   182
1  39.01998 141.99501   184
0  39.01546 141.99500   186
1  39.01095 141.99495   186
0  39.00644 141.99493   190
1  39.00192 141.99489   188
