0  37.99948 140.91570     5
0  37.99496 140.91574     5
0  37.99046 140.91579     5
0  37.98594 140.91580     5
0  37.98143 140.91586     5
0  37.97692 140.91589     5
0  37.97240 140.91594     5
1  37.99950 140.92142    11
0  37.99500 140.92145    10
0  37.99048 140.92148    10
0  37.98597 140.92152    10
0  37.98146 140.92155    10
0  37.97694 140.92159    10
0  37.97243 140.92163    10
0  37.96792 140.92168    10
0  37.96341 140.92171     5
0  37.95890 140.92174     5
0  37.95438 140.92178     5
0  37.94987 140.92181     5
0  37.94536 140.92184     5
0  37.94085 140.92189     5
0  37.93633 140.92192     5
0  37.93182 140.92195     5
0  37.99953 140.92711    17
0  37.99503 140.92715    17
0  37.99051 140.92719    17
0  37.98600 140.92722    16
0  37.98149 140.92726    16
0  37.97697 140.92729    15
0  37.97246 140.92732    15
0  37.96795 140.92737    14
0  37.96344 140.92740    14
0  37.95892 140.92743    14
0  37.95441 140.92747    10
0  37.94990 140.92752    10
0  37.94539 140.92754    10
0  37.94087 140.92760    10
0  37.93636 140.92763    10
0  37.93185 140.92766     8
0  37.92734 140.92770     5
0  37.92282 140.92773     5
0  37.91831 140.92776     5
0  37.91380 140.92781     5
0  37.90929 140.92784     5
0  37.90477 140.92787     5
0  37.99956 140.93282    18
0  37.99506 140.93285    18
0  37.99054 140.93289    18
0  37.98603 140.93292    18
0  37.98151 140.93295    17
0  37.97701 140.93300    17
0  37.97249 140.93304    16
0  37.96798 140.93307    16
0  37.96347 140.93311    15
0  37.95896 140.93314    15
0  37.95444 140.93318    14
0  37.94993 140.93321    13
0  37.94542 140.93324    11
0  37.94090 140.93329    11
0  37.93639 140.93332    10
0  37.93188 140.93335    10
0  37.92736 140.93340    10
0  37.92286 140.93343    10
0  37.91834 140.93346    10
0  37.91383 140.93350    10
0  37.90931 140.93353     9
0  37.90480 140.93358     7
0  37.90029 140.93361     5
0  37.89127 140.93369     5
0  37.88675 140.93372     5
0  37.99960 140.93852    19
0  37.99508 140.93855    19
0  37.99057 140.93858    19
0  37.98606 140.93863    19
0  37.98154 140.93866    19
0  37.97703 140.93869    18
0  37.97252 140.93874    17
0  37.96801 140.93877    17
0  37.96349 140.93880    17
0  37.95898 140.93884    16
0  37.95447 140.93887    15
0  37.94995 140.93890    14
0  37.94544 140.93895    14
0  37.94093 140.93898    13
1  37.93641 140.93903    14
0  37.93191 140.93904    12
0  37.92739 140.93909    12
0  37.92288 140.93913    12
0  37.91837 140.93916    10
0  37.91386 140.93919    10
0  37.90934 140.93922    10
0  37.90483 140.93927    10
0  37.90032 140.93930     8
0  37.89581 140.93933     6
0  37.89130 140.93938     6
0  37.88678 140.93941     6
0  37.88227 140.93944     5
0  37.87775 140.93948     5
0  37.87325 140.93951     5
0  37.99963 140.94421    20
0  37.99511 140.94424    20
0  37.99060 140.94429    20
0  37.98608 140.94432    20
0  37.98158 140.94437    19
0  37.97706 140.94441    18
0  37.97255 140.94443    18
0  37.96803 140.94447    18
0  37.96352 140.94450    16
0  37.95901 140.94453    16
0  37.95450 140.94458    16
0  37.94998 140.94461    15
0  37.94547 140.94464    14
0  37.94096 140.94467    14
0  37.93645 140.94472    14
0  37.93193 140.94475    13
0  37.92742 140.94478    13
0  37.92291 140.94482    13
0  37.91840 140.94485    13
0  37.91388 140.94489    11
0  37.90937 140.94492    10
0  37.90486 140.94496    10
0  37.90035 140.94501    10
0  37.89584 140.94502     9
0  37.89132 140.94507     9
0  37.88681 140.94510     8
0  37.88230 140.94514     8
0  37.87778 140.94516     7
0  37.87327 140.94521     7
0  37.86876 140.94525     5
0  37.86425 140.94528     5
0  37.85974 140.94531     5
0  37.99965 140.94992    21
0  37.99514 140.94997    20
0  37.99063 140.95000    21
0  37.98611 140.95003    20
0  37.98160 140.95006    20
0  37.97709 140.95010    20
0  37.97257 140.95013    19
0  37.96806 140.95016    16
0  37.96355 140.95021    16
0  37.95904 140.95024    15
0  37.95452 140.95027    14
0  37.95001 140.95030    15
0  37.94550 140.95035    15
0  37.94099 140.95036    15
0  37.93647 140.95041    14
0  37.93196 140.95045    15
0  37.92745 140.95049    15
0  37.92294 140.95053    15
0  37.91843 140.95056    12
0  37.91391 140.95059    11
0  37.90940 140.95062    12
0  37.90488 140.95067    10
0  37.90038 140.95070    10
0  37.89586 140.95073    10
0  37.89135 140.95078    10
0  37.88684 140.95079    10
0  37.88232 140.95084    10
0  37.87781 140.95087    10
0  37.87330 140.95090    10
0  37.86879 140.95093     8
0  37.86428 140.95097     5
0  37.85976 140.95100     5
0  37.85525 140.95103     5
0  37.85074 140.95108     5
0  37.84623 140.95111     5
0  37.99968 140.95563    22
0  37.99517 140.95566    21
0  37.99065 140.95570    21
0  37.98614 140.95573    21
0  37.98163 140.95576    21
0  37.97712 140.95580    20
0  37.97260 140.95584    20
0  37.96809 140.95587    19
0  37.96358 140.95590    18
0  37.95906 140.95595    15
0  37.95455 140.95598    16
0  37.95004 140.95601    16
0  37.94553 140.95604    16
0  37.94101 140.95609    16
0  37.93650 140.95612    16
0  37.93199 140.95615    16
0  37.92748 140.95618    16
0  37.92297 140.95622    16
0  37.91845 140.95625    12
0  37.91394 140.95628    14
0  37.90942 140.95631    14
0  37.90491 140.95636    14
0  37.90041 140.95639    12
0  37.89589 140.95642    12
1  37.89138 140.95645    11
0  37.88687 140.95650    12
0  37.88235 140.95653    10
0  37.87784 140.95656    10
0  37.87333 140.95660    10
0  37.86882 140.95662     9
0  37.86430 140.95668    10
0  37.85979 140.95670     9
0  37.85528 140.95674     8
0  37.85077 140.95676     7
0  37.84625 140.95682     7
0  37.99971 140.96133    22
0  37.99519 140.96136    22
0  37.99068 140.96140    21
0  37.98617 140.96144    21
0  37.98166 140.96146    21
0  37.97715 140.96150    21
0  37.97263 140.96153    20
0  37.96812 140.96156    20
0  37.96361 140.96159    18
0  37.95909 140.96164    18
0  37.95458 140.96167    16
0  37.95007 140.96170    17
0  37.94556 140.96173    16
0  37.94104 140.96178    17
0  37.93653 140.96181    17
0  37.93202 140.96185    16
0  37.92751 140.96187    15
0  37.92299 140.96191    17
0  37.91848 140.96194    15
0  37.91396 140.96199    14
0  37.90945 140.96201    12
0  37.90495 140.96205    12
0  37.90043 140.96208    13
0  37.89592 140.96213    13
0  37.89140 140.96214    14
0  37.88689 140.96219    13
0  37.88238 140.96220    14
0  37.87787 140.96227    12
0  37.87336 140.96228    10
0  37.86885 140.96233    10
0  37.86433 140.96236    10
0  37.85982 140.96240    10
0  37.85530 140.96242    10
0  37.85080 140.96246    10
0  37.84628 140.96249     9
1  37.84177 140.96252     4
1  37.83726 140.96255     3
0  37.83274 140.96260     5
0  37.99973 140.96704    23
0  37.99522 140.96707    22
0  37.99071 140.96710    22
0  37.98619 140.96713    22
0  37.98168 140.96718    21
0  37.97717 140.96721    20
0  37.97266 140.96724    20
0  37.96815 140.96727    20
0  37.96363 140.96732    21
0  37.95912 140.96735    17
0  37.95461 140.96738    17
0  37.95009 140.96741    18
0  37.94558 140.96744    17
0  37.94107 140.96748    17
0  37.93656 140.96750    18
0  37.93204 140.96754    18
0  37.92753 140.96758    17
0  37.92302 140.96761    15
0  37.91851 140.96764    15
0  37.91399 140.96768    14
0  37.90948 140.96771    13
0  37.90497 140.96774    14
0  37.90046 140.96777    14
0  37.89594 140.96782    14
0  37.89143 140.96785    15
0  37.88692 140.96788    14
0  37.88241 140.96791    13
0  37.87789 140.96796    13
0  37.87338 140.96799    12
0  37.86887 140.96802    13
0  37.86436 140.96805    10
0  37.85985 140.96809    10
0  37.85533 140.96812    10
0  37.85082 140.96814    10
0  37.84631 140.96819    10
0  37.84180 140.96822    10
0  37.83728 140.96825    10
0  37.83278 140.96828     5
0  37.82826 140.96832     5
0  37.99976 140.97273    23
1  37.99525 140.97276    23
0  37.99074 140.97279    22
0  37.98622 140.97285    22
0  37.98171 140.97287    21
0  37.97720 140.97290    21
0  37.97269 140.97293    20
0  37.96817 140.97296    20
0  37.96366 140.97301    18
0  37.95914 140.97304    19
0  37.95464 140.97307    19
0  37.95012 140.97310    19
0  37.94561 140.97314    18
0  37.94110 140.97318    18
0  37.93658 140.97322    19
0  37.93207 140.97324    16
0  37.92756 140.97327    16
0  37.92305 140.97331    18
0  37.91853 140.97333    14
0  37.91402 140.97337    14
0  37.90951 140.97340    13
0  37.90500 140.97343    15
0  37.90049 140.97346    15
0  37.89597 140.97351    15
0  37.89146 140.97354    15
0  37.88695 140.97357    15
0  37.88243 140.97360    15
0  37.87792 140.97363    14
0  37.87341 140.97368    13
0  37.86890 140.97371    15
0  37.86439 140.97374    14
0  37.85987 140.97377    12
1  37.85536 140.97382    13
1  37.85085 140.97385    13
0  37.84633 140.97388    13
0  37.84183 140.97391    12
0  37.83731 140.97394    10
1  37.83280 140.97397     6
1  37.82829 140.97400     4
0  37.06587 140.97961     2
0  37.06136 140.97964     5
0  37.05685 140.97969     5
0  37.05234 140.97972     5
0  37.04783 140.97975     5
0  37.04332 140.97978     5
0  37.03881 140.97981     5
0  37.03430 140.97986    10
0  37.02979 140.97989     5
0  37.02528 140.97990     5
0  37.02077 140.97995     5
0  37.01626 140.98000     5
0  37.01175 140.98003     5
0  37.99979 140.97844    23
0  37.99528 140.97847    23
0  37.99076 140.97852    23
0  37.98625 140.97855    22
0  37.98174 140.97858    21
0  37.97722 140.97861    21
0  37.97271 140.97864    21
0  37.96820 140.97868    20
0  37.96368 140.97870    20
0  37.95918 140.97874    20
0  37.95466 140.97878    20
0  37.95015 140.97881    20
0  37.94563 140.97884    20
0  37.94112 140.97887    20
0  37.93661 140.97891    20
0  37.93210 140.97894    17
0  37.92758 140.97897    16
0  37.92307 140.97900    15
0  37.91856 140.97903    16
0  37.91405 140.97908    14
0  37.90953 140.97911    14
0  37.90503 140.97914    13
0  37.90051 140.97917    15
0  37.89600 140.97922    16
1  37.89148 140.97923    15
0  37.88697 140.97926    14
0  37.88246 140.97931    16
0  37.87794 140.97934    16
0  37.87344 140.97937    15
0  37.86893 140.97940    15
0  37.86441 140.97943    15
0  37.85990 140.97948    15
0  37.85538 140.97949    15
0  37.85087 140.97954    14
0  37.84636 140.97955    15
0  37.84185 140.97961    15
0  37.83734 140.97963    10
0  37.83282 140.97966    10
0  37.82831 140.97969     5
1  37.81929 140.97977     3
0  37.08845 140.98509     5
0  37.08393 140.98512     5
0  37.07943 140.98515     5
0  37.07492 140.98518     5
0  37.07040 140.98523     5
0  37.06590 140.98526    10
0  37.06139 140.98528    10
0  37.05688 140.98532    10
0  37.05236 140.98534    10
0  37.04786 140.98537    10
0  37.04335 140.98541    12
0  37.03884 140.98544    14
0  37.03433 140.98547    14
0  37.02982 140.98550    13
0  37.02530 140.98553    14
0  37.02079 140.98558    10
0  37.01629 140.98561    10
0  37.01178 140.98563     5
0  37.00726 140.98569    10
0  37.00276 140.98572     5
0  37.99981 140.98413    24
0  37.99530 140.98419    23
0  37.99079 140.98421    22
0  37.98627 140.98424    22
0  37.98176 140.98428    22
0  37.97725 140.98430    22
0  37.97274 140.98434    21
0  37.96823 140.98438    21
0  37.96371 140.98441    21
0  37.95920 140.98444    21
0  37.95469 140.98447    21
0  37.95017 140.98451    21
0  37.94566 140.98453    21
0  37.94115 140.98456    20
0  37.93664 140.98460    20
0  37.93212 140.98463    17
0  37.92761 140.98466    18
0  37.92310 140.98470    15
0  37.91859 140.98473    15
0  37.91407 140.98477    17
0  37.90956 140.98480    15
0  37.90505 140.98483    16
0  37.90054 140.98486    16
0  37.89603 140.98489    17
0  37.89151 140.98494    15
0  37.88700 140.98495    16
0  37.88248 140.98500    15
0  37.87798 140.98503    17
0  37.87346 140.98506    16
0  37.86895 140.98509    16
0  37.86444 140.98512    17
0  37.85992 140.98517    17
0  37.85541 140.98520    16
0  37.85090 140.98523    17
0  37.84639 140.98526    17
0  37.84188 140.98529    12
0  37.83736 140.98534    10
0  37.83285 140.98537    10
0  37.82834 140.98538     5
0  37.81931 140.98546     2
0  37.81480 140.98547     2
0  37.81029 140.98552     2
0  37.80578 140.98555     2
1  37.80127 140.98560     3
0  37.10201 140.99062     5
0  37.09750 140.99066     5
0  37.09298 140.99069     5
0  37.08847 140.99071     8
0  37.08397 140.99075    10
0  37.07946 140.99078    10
0  37.07494 140.99081    12
0  37.07043 140.99084    11
0  37.06592 140.99088    14
0  37.06141 140.99091    14
0  37.05690 140.99095    15
0  37.05239 140.99098    15
0  37.04789 140.99101    15
0  37.04337 140.99104    17
0  37.03886 140.99107    17
0  37.03436 140.99109    18
0  37.02984 140.99113    18
0  37.02533 140.99117    15
0  37.02082 140.99120    15
0  37.01631 140.99124    15
0  37.01180 140.99126    13
0  37.00729 140.99129    10
0  37.00278 140.99133    10
0  37.99984 140.98985    24
0  37.99533 140.98988    24
1  37.99081 140.98990    24
0  37.98630 140.98994    22
0  37.98179 140.98997    22
0  37.97728 140.99001    22
0  37.97277 140.99004    23
0  37.96825 140.99007    22
0  37.96374 140.99011    23
0  37.95922 140.99014    24
0  37.95471 140.99017    22
0  37.95020 140.99020    22
0  37.94569 140.99023    20
0  37.94118 140.99028    20
0  37.93666 140.99031    20
0  37.93215 140.99033    17
0  37.92764 140.99037    15
0  37.92313 140.99040    15
0  37.91861 140.99042    15
0  37.91410 140.99046    16
0  37.90959 140.99049    16
0  37.90508 140.99054    17
0  37.90057 140.99055    18
0  37.89605 140.99059    17
0  37.89154 140.99063    17
0  37.88702 140.99066    17
0  37.88251 140.99068    15
0  37.87800 140.99072    18
0  37.87349 140.99075    17
0  37.86898 140.99078    18
0  37.86446 140.99081    18
0  37.85995 140.99084    18
0  37.85544 140.99089    18
0  37.85092 140.99092    18
0  37.84642 140.99095    18
0  37.84190 140.99098    13
0  37.83739 140.99101    10
0  37.83288 140.99104    10
0  37.82837 140.99109     5
0  37.82385 140.99110     5
0  37.81934 140.99115     2
0  37.81483 140.99118     2
0  37.81032 140.99121     5
0  37.80581 140.99124     5
0  37.80129 140.99127     2
0  37.79678 140.99130     2
0  37.79227 140.99135     2
0  37.78775 140.99136     2
0  37.78324 140.99139     2
0  37.77873 140.99142     2
0  37.77422 140.99146     2
0  37.10203 140.99625     5
0  37.09752 140.99629     9
0  37.09301 140.99632    10
0  37.08850 140.99634    10
0  37.08399 140.99638    12
0  37.07948 140.99640    13
0  37.07497 140.99643    15
0  37.07046 140.99649    17
0  37.06595 140.99651    17
0  37.06144 140.99654    18
0  37.05693 140.99657    20
0  37.05242 140.99660    20
0  37.04791 140.99663    20
0  37.04340 140.99667    20
0  37.03889 140.99670    20
0  37.03438 140.99672    20
0  37.02987 140.99677    20
0  37.02536 140.99680    20
0  37.02085 140.99683    20
0  37.01634 140.99686    20
0  37.01183 140.99689    20
0  37.00732 140.99692    20
1  37.00281 140.99693    18
0  37.99987 140.99553    25
1  37.99535 140.99559    25
0  37.99084 140.99562    24
0  37.98633 140.99565    23
0  37.98181 140.99568    23
1  37.97730 140.99571    23
0  37.97279 140.99573    23
0  37.96828 140.99579    24
0  37.96376 140.99580    24
0  37.95925 140.99583    25
0  37.95474 140.99586    25
0  37.95022 140.99590    22
0  37.94571 140.99593    21
0  37.94120 140.99597    20
0  37.93669 140.99600    20
0  37.93217 140.99603    20
1  37.92766 140.99606    19
0  37.92315 140.99609    15
0  37.91864 140.99612    16
0  37.91413 140.99615    17
0  37.90961 140.99619    17
0  37.90511 140.99622    19
1  37.90059 140.99626    18
0  37.89608 140.99629    19
0  37.89156 140.99632    18
0  37.88705 140.99635    17
0  37.88254 140.99637    18
0  37.87803 140.99643    20
0  37.87352 140.99646    20
0  37.86900 140.99648    20
0  37.86449 140.99652    20
0  37.85998 140.99654    20
0  37.85546 140.99657    20
0  37.85095 140.99661    20
0  37.84644 140.99664    19
0  37.84193 140.99667    13
0  37.83742 140.99670    12
0  37.83290 140.99673    10
0  37.82839 140.99677    10
0  37.82388 140.99680     5
0  37.81937 140.99683     5
0  37.81485 140.99686    10
0  37.81034 140.99690     8
0  37.80583 140.99693     8
0  37.80132 140.99696     8
0  37.79681 140.99699     7
0  37.79229 140.99702     7
0  37.78778 140.99704     7
0  37.78326 140.99710     7
0  37.77876 140.99712     7
0  37.77425 140.99715     7
0  37.76973 140.99718     2
