1  35.03267 138.45982     9
1  35.03282 138.46529     2
1  35.03389 138.50357     3
1  35.03419 138.51453     3
1  35.03884 138.51981     9
1  35.03434 138.51997    16
1  35.02984 138.52017    16
1  35.02534 138.52036    16
0  35.04349 138.52509     9
1  35.03899 138.52527    23
0  35.03448 138.52545    17
0  35.02999 138.52563    30
1  35.02549 138.52582    45
1  35.02100 138.52600    50
1  35.05264 138.53018    11
0  35.04813 138.53036     8
0  35.04364 138.53055    12
0  35.03913 138.53073    20
0  35.03464 138.53093    40
0  35.03014 138.53110    50
1  35.02564 138.53128    70
0  35.02114 138.53146    50
1  35.01665 138.53165    87
0  35.00315 138.53220    40
1  35.05278 138.53564    58
1  35.04829 138.53584    81
1  35.04379 138.53601   102
1  35.03928 138.53619   120
1  35.03479 138.53638   119
1  35.03029 138.53656   121
0  35.02579 138.53674   100
1  35.02130 138.53693   118
0  35.01679 138.53712    80
1  35.01229 138.53729   177
1  35.00780 138.53749   178
1  35.00330 138.53767   207
1  35.06193 138.54076    76
0  35.05743 138.54094    52
0  35.05293 138.54112    50
0  35.04844 138.54131   100
1  35.04394 138.54147   219
1  35.03944 138.54167   263
1  35.03494 138.54185   246
1  35.03044 138.54202   201
1  35.02594 138.54222   191
1  35.02144 138.54239   199
1  35.01694 138.54257   222
1  35.01245 138.54276   253
0  35.00795 138.54295   200
0  35.00345 138.54314   295
1  35.07108 138.54587    18
1  35.06657 138.54605    82
1  35.06208 138.54623   146
1  35.05758 138.54642   173
1  35.05309 138.54659   229
1  35.04859 138.54678   286
0  35.04408 138.54697   363
0  35.03959 138.54713   416
0  35.03509 138.54730   341
1  35.03059 138.54750   347
0  35.02610 138.54768   195
0  35.02159 138.54787   302
1  35.01709 138.54803   287
1  35.01260 138.54823   330
0  35.00810 138.54840   343
0  35.00360 138.54858   360
1  35.08472 138.55080     6
1  35.08023 138.55096    39
1  35.07572 138.55116    74
1  35.07122 138.55135   111
1  35.06673 138.55153   175
1  35.06223 138.55170   181
1  35.05773 138.55190   258
0  35.05323 138.55206   399
0  35.04873 138.55225   391
0  35.04424 138.55241   379
0  35.03973 138.55261   462
0  35.03523 138.55278   505
0  35.03074 138.55298   522
1  35.02624 138.55315   423
0  35.02174 138.55333   325
0  35.01724 138.55351   394
0  35.01274 138.55370   420
0  35.00824 138.55386   418
0  35.00375 138.55405   424
1  35.09387 138.55591    21
1  35.08937 138.55608    74
0  35.08487 138.55627    50
1  35.08037 138.55646   180
1  35.07587 138.55663   158
0  35.07137 138.55681   137
1  35.06688 138.55699   243
1  35.06238 138.55717   267
0  35.05788 138.55736   145
0  35.05338 138.55753   343
0  35.04888 138.55772   478
0  35.04438 138.55789   490
0  35.03988 138.55807   516
0  35.03539 138.55826   574
0  35.03089 138.55843   606
0  35.02639 138.55862   604
0  35.02189 138.55881   388
0  35.01739 138.55898   388
0  35.01289 138.55916   431
0  35.00839 138.55934   470
0  35.00389 138.55952   469
1  35.12604 138.75197   160
0  35.12154 138.75214   180
1  35.11704 138.75230   396
1  35.11254 138.75247   528
1  35.10805 138.75264   633
0  35.10355 138.75281   721
0  35.09904 138.75298   728
0  35.09455 138.75314   774
0  35.09005 138.75333   796
0  35.08554 138.75348   776
0  35.08105 138.75365   715
0  35.07655 138.75383   646
0  35.07205 138.75398   690
0  35.06755 138.75415   661
0  35.06305 138.75433   621
1  35.05856 138.75450   525
1  35.05405 138.75465   492
1  35.04955 138.75484   521
1  35.04506 138.75500   575
0  35.04056 138.75516   637
0  35.03606 138.75536   626
1  35.03156 138.75551   508
1  35.02706 138.75568   412
0  35.02256 138.75586   300
1  35.01806 138.75601   299
1  35.01357 138.75618   268
0  35.00906 138.75636   250
0  35.00457 138.75653   200
1  35.00007 138.75668   194
0  35.09852 138.56120    18
0  35.09402 138.56139    50
1  35.08952 138.56155   180
1  35.08502 138.56174   213
0  35.08052 138.56194   241
0  35.07602 138.56210   190
0  35.07153 138.56229   275
0  35.06702 138.56247   357
0  35.06253 138.56264   367
0  35.05803 138.56284   345
0  35.05353 138.56300   354
0  35.04903 138.56319   492
0  35.04453 138.56337   587
0  35.04003 138.56354   625
0  35.03553 138.56374   647
0  35.03104 138.56390   682
0  35.02654 138.56409   602
0  35.02204 138.56427   570
0  35.01754 138.56444   521
0  35.01304 138.56464   495
0  35.00854 138.56482   520
0  35.00404 138.56499   526
1  35.10316 138.56650    23
0  35.09867 138.56668    23
1  35.09417 138.56686   164
0  35.08967 138.56703   329
0  35.08517 138.56721   355
0  35.08067 138.56740   353
0  35.07617 138.56757   351
0  35.07167 138.56776   397
0  35.06717 138.56795   438
0  35.06268 138.56812   420
0  35.05818 138.56830   363
0  35.05368 138.56848   453
0  35.04918 138.56866   616
0  35.04468 138.56885   689
0  35.04018 138.56902   721
0  35.03568 138.56920   727
0  35.03119 138.56938   732
0  35.02669 138.56955   655
0  35.02219 138.56973   658
0  35.01769 138.56992   634
0  35.01319 138.57010   602
0  35.00869 138.57027   605
0  35.00419 138.57047   569
0  35.10331 138.57198    20
1  35.09881 138.57214   111
1  35.09431 138.57233   220
0  35.08982 138.57251   292
0  35.08532 138.57269   389
0  35.08081 138.57288   408
0  35.07632 138.57304   374
0  35.07182 138.57323   467
0  35.06733 138.57339   504
0  35.06282 138.57359   458
0  35.05832 138.57378   471
0  35.05383 138.57396   561
0  35.04933 138.57413   714
0  35.04482 138.57431   758
0  35.04033 138.57448   777
0  35.03583 138.57466   799
0  35.03133 138.57484   790
0  35.02684 138.57503   715
0  35.02233 138.57521   733
0  35.01783 138.57538   719
0  35.01334 138.57556   699
0  35.00884 138.57574   618
0  35.00434 138.57591   596
0  35.10796 138.57727    12
1  35.10346 138.57745    70
1  35.09896 138.57762   167
1  35.09446 138.57780   272
0  35.08997 138.57797   342
0  35.08546 138.57816   335
0  35.08096 138.57834   448
0  35.07647 138.57854   414
0  35.07197 138.57870   452
0  35.06747 138.57887   546
0  35.06297 138.57907   556
0  35.05847 138.57924   480
0  35.05397 138.57941   591
0  35.04947 138.57961   726
0  35.04498 138.57979   826
0  35.04047 138.57996   837
0  35.03598 138.58014   851
0  35.03148 138.58032   856
0  35.02698 138.58049   771
0  35.02248 138.58067   804
0  35.01798 138.58086   796
0  35.01348 138.58102   755
0  35.00898 138.58122   669
0  35.00449 138.58139   670
1  35.10810 138.58275    37
1  35.10361 138.58293   105
1  35.09911 138.58310   185
1  35.09461 138.58328   284
0  35.09011 138.58345   392
0  35.08561 138.58363   455
0  35.08111 138.58382   396
0  35.07661 138.58398   501
0  35.07211 138.58418   524
0  35.06762 138.58437   583
0  35.06312 138.58453   686
0  35.05862 138.58472   640
0  35.05412 138.58490   635
0  35.04962 138.58507   720
0  35.04512 138.58525   812
0  35.04062 138.58543   878
0  35.03613 138.58560   878
0  35.03163 138.58577   880
0  35.02713 138.58597   832
0  35.02263 138.58615   849
0  35.01813 138.58633   887
0  35.01363 138.58650   833
0  35.00913 138.58669   747
0  35.00463 138.58687   767
0  35.00014 138.58704   747
1  35.10825 138.58821    70
1  35.10376 138.58839   132
1  35.09926 138.58858   201
0  35.09476 138.58876   300
0  35.09026 138.58893   408
0  35.08576 138.58911   486
0  35.08126 138.58929   566
0  35.07676 138.58946   533
0  35.07227 138.58965   548
0  35.06776 138.58983   605
0  35.06327 138.59000   810
0  35.05877 138.59018   853
0  35.05427 138.59036   824
0  35.04977 138.59055   898
0  35.04527 138.59071   936
0  35.04077 138.59091   936
0  35.03627 138.59108   886
0  35.03178 138.59126   898
0  35.02728 138.59145   900
0  35.02278 138.59161   913
0  35.01828 138.59180   988
0  35.01378 138.59196   922
0  35.00928 138.59215   903
0  35.00478 138.59233   856
0  35.00029 138.59250   822
1  35.10840 138.59369    91
1  35.10390 138.59387   143
0  35.09940 138.59404   100
1  35.09491 138.59422   344
0  35.09040 138.59441   490
0  35.08590 138.59459   591
0  35.08141 138.59477   647
0  35.07691 138.59494   718
0  35.07241 138.59512   776
0  35.06791 138.59531   821
0  35.06341 138.59547   891
0  35.05891 138.59566   940
0  35.05442 138.59583   982
0  35.04992 138.59601  1027
0  35.04541 138.59619  1065
0  35.04092 138.59636  1090
0  35.03642 138.59654  1064
0  35.03192 138.59673  1055
0  35.02742 138.59689   983
0  35.02293 138.59708   998
0  35.01842 138.59726  1072
0  35.01393 138.59743  1050
0  35.00943 138.59761   983
0  35.00493 138.59779   924
0  35.00043 138.59796   902
1  35.11304 138.59898    59
1  35.10855 138.59917   106
1  35.10405 138.59935   158
1  35.09955 138.59952   255
1  35.09505 138.59970   381
0  35.09055 138.59988   517
0  35.08605 138.60005   588
0  35.08155 138.60023   634
0  35.07705 138.60042   711
0  35.07256 138.60059   792
0  35.06806 138.60077   845
0  35.06356 138.60094   886
0  35.05906 138.60114   931
0  35.05456 138.60130   979
0  35.05006 138.60150  1036
0  35.04556 138.60167  1084
0  35.04107 138.60184  1114
0  35.03657 138.60202  1148
0  35.03207 138.60220  1183
0  35.02757 138.60237  1163
0  35.02307 138.60255  1108
0  35.01857 138.60274  1160
0  35.01407 138.60291  1127
0  35.00957 138.60309  1035
0  35.00508 138.60326  1004
0  35.00058 138.60344   977
1  35.11319 138.60446    67
0  35.10870 138.60464    98
1  35.10419 138.60483   191
1  35.09970 138.60500   294
1  35.09520 138.60518   414
0  35.09069 138.60536   506
0  35.08620 138.60553   570
0  35.08170 138.60571   629
0  35.07720 138.60588   702
0  35.07270 138.60606   779
0  35.06820 138.60625   836
0  35.06371 138.60641   898
0  35.05921 138.60660   952
0  35.05471 138.60678  1000
0  35.05021 138.60695  1051
0  35.04571 138.60713  1095
0  35.04121 138.60732  1126
0  35.03672 138.60748  1163
0  35.03222 138.60767  1203
0  35.02771 138.60785  1223
0  35.02322 138.60802  1242
0  35.01872 138.60820  1239
0  35.01422 138.60837  1219
0  35.00972 138.60855  1147
0  35.00523 138.60873  1097
0  35.00072 138.60890  1057
1  35.11334 138.60994    68
1  35.10884 138.61012   149
0  35.10434 138.61031   200
0  35.09984 138.61047   300
0  35.09534 138.61066   462
0  35.09084 138.61082   481
0  35.08635 138.61101   557
0  35.08184 138.61119   646
0  35.07735 138.61136   723
0  35.07285 138.61154   803
0  35.06835 138.61172   866
0  35.06385 138.61189   913
0  35.05935 138.61208   959
0  35.05485 138.61226   999
0  35.05035 138.61243  1044
0  35.04585 138.61261  1112
0  35.04136 138.61279  1162
0  35.03686 138.61295  1191
0  35.03236 138.61313  1226
0  35.02786 138.61331  1247
0  35.02336 138.61348  1269
0  35.01886 138.61366  1281
0  35.01436 138.61385  1284
0  35.00987 138.61401  1242
0  35.00537 138.61420  1215
0  35.00087 138.61438  1197
1  35.11349 138.61542    35
1  35.10899 138.61560   158
0  35.10449 138.61578   200
1  35.09999 138.61595   325
0  35.09549 138.61612   455
0  35.09099 138.61630   477
0  35.08649 138.61647   566
0  35.08199 138.61665   674
0  35.07749 138.61684   700
0  35.07299 138.61700   781
0  35.06850 138.61719   851
0  35.06400 138.61737   886
0  35.05949 138.61754   952
0  35.05500 138.61772  1008
0  35.05050 138.61790  1063
0  35.04600 138.61807  1120
0  35.04150 138.61826  1171
0  35.03701 138.61842  1204
0  35.03251 138.61861  1239
0  35.02801 138.61879  1266
0  35.02351 138.61896  1290
0  35.01901 138.61914  1310
0  35.01451 138.61932  1318
0  35.01001 138.61949  1313
0  35.00552 138.61967  1313
0  35.00102 138.61983  1327
1  35.10913 138.62106   148
1  35.10463 138.62125   214
1  35.10014 138.62141   299
1  35.09563 138.62160   384
0  35.09114 138.62178   481
0  35.08664 138.62195   553
0  35.08213 138.62213   622
0  35.07764 138.62231   707
0  35.07314 138.62248   772
0  35.06864 138.62267   805
0  35.06414 138.62285   863
0  35.05964 138.62302   929
0  35.05514 138.62320   999
0  35.05064 138.62337  1058
0  35.04615 138.62355  1105
0  35.04165 138.62372  1155
0  35.03715 138.62390  1203
0  35.03265 138.62407  1252
0  35.02815 138.62424  1286
0  35.02365 138.62444  1310
0  35.01915 138.62460  1328
0  35.01465 138.62477  1346
0  35.01016 138.62497  1353
0  35.00566 138.62514  1354
0  35.00116 138.62531  1361
1  35.10928 138.62654   154
1  35.10478 138.62672   210
0  35.10028 138.62689   265
0  35.09578 138.62708   363
0  35.09128 138.62726   446
0  35.08678 138.62743   538
0  35.08228 138.62761   618
0  35.07779 138.62779   699
0  35.07329 138.62796   745
0  35.06878 138.62814   805
0  35.06429 138.62831   880
0  35.05979 138.62848   933
0  35.05529 138.62866   986
0  35.05079 138.62885  1043
0  35.04629 138.62901  1090
0  35.04179 138.62920  1151
0  35.03730 138.62938  1215
0  35.03280 138.62955  1263
0  35.02830 138.62973  1300
0  35.02380 138.62991  1329
0  35.01930 138.63007  1346
0  35.01480 138.63025  1362
0  35.01030 138.63042  1374
0  35.00581 138.63060  1381
0  35.00131 138.63078  1392
1  35.10942 138.63202   170
0  35.10492 138.63220   200
0  35.10043 138.63237   286
0  35.09592 138.63255   361
0  35.09142 138.63274   445
0  35.08693 138.63290   514
0  35.08242 138.63307   605
0  35.07793 138.63326   668
0  35.07343 138.63342   724
0  35.06893 138.63361   787
0  35.06443 138.63379   852
0  35.05993 138.63396   919
0  35.05543 138.63414   985
0  35.05093 138.63432  1054
0  35.04644 138.63449  1116
0  35.04194 138.63466  1178
0  35.03744 138.63483  1229
0  35.03294 138.63501  1266
0  35.02844 138.63519  1303
0  35.02394 138.63536  1332
0  35.01945 138.63554  1351
0  35.01495 138.63573  1373
0  35.01045 138.63589  1390
0  35.00595 138.63606  1401
0  35.00145 138.63625  1413
1  35.11407 138.63731   101
1  35.10957 138.63750   184
0  35.10507 138.63768   200
0  35.10057 138.63785   337
0  35.09607 138.63803   406
0  35.09157 138.63820   483
0  35.08707 138.63838   550
0  35.08258 138.63855   619
0  35.07807 138.63873   681
0  35.07357 138.63890   735
0  35.06908 138.63908   783
0  35.06458 138.63927   851
0  35.06008 138.63943   924
0  35.05558 138.63960  1005
0  35.05108 138.63977  1073
0  35.04659 138.63997  1128
0  35.04208 138.64014  1176
0  35.03759 138.64030  1219
0  35.03308 138.64049  1261
0  35.02859 138.64066  1297
0  35.02409 138.64084  1323
0  35.01959 138.64101  1345
0  35.01509 138.64119  1369
0  35.01059 138.64136  1389
0  35.00610 138.64154  1402
0  35.00159 138.64171  1416
1  35.11421 138.64279   114
1  35.10971 138.64297   196
0  35.10521 138.64316   200
0  35.10071 138.64333   352
0  35.09621 138.64349   427
0  35.09171 138.64368   498
0  35.08721 138.64384   562
0  35.08272 138.64403   622
0  35.07822 138.64421   683
0  35.07372 138.64438   739
0  35.06922 138.64455   802
0  35.06472 138.64471   858
0  35.06022 138.64491   918
0  35.05573 138.64508   981
0  35.05122 138.64525  1048
0  35.04673 138.64545  1103
0  35.04223 138.64560  1146
0  35.03773 138.64578  1201
0  35.03323 138.64595  1254
0  35.02873 138.64613  1289
0  35.02423 138.64632  1323
0  35.01973 138.64647  1341
0  35.01524 138.64665  1364
0  35.01073 138.64684  1384
0  35.00624 138.64700  1401
0  35.00174 138.64719  1417
1  35.11436 138.64827   137
1  35.10986 138.64845   198
1  35.10536 138.64862   266
0  35.10086 138.64879   337
0  35.09636 138.64897   405
0  35.09186 138.64915   486
0  35.08736 138.64932   572
0  35.08286 138.64951   628
0  35.07837 138.64967   691
0  35.07386 138.64986   754
0  35.06937 138.65002   803
0  35.06487 138.65021   858
0  35.06037 138.65039   919
0  35.05587 138.65054   974
0  35.05137 138.65073  1033
0  35.04687 138.65089  1094
0  35.04237 138.65108  1140
0  35.03787 138.65126  1194
0  35.03337 138.65141  1244
0  35.02887 138.65160  1281
0  35.02438 138.65178  1320
0  35.01987 138.65195  1349
0  35.01538 138.65213  1369
0  35.01088 138.65228  1388
0  35.00638 138.65247  1400
0  35.00188 138.65265  1411
1  35.11900 138.65358    39
1  35.11450 138.65376   135
0  35.11000 138.65392   200
1  35.10550 138.65410   286
0  35.10100 138.65427   367
0  35.09650 138.65445   413
0  35.09200 138.65463   491
0  35.08751 138.65480   561
0  35.08300 138.65497   626
0  35.07851 138.65515   686
0  35.07401 138.65533   745
0  35.06951 138.65550   808
0  35.06501 138.65567   863
0  35.06051 138.65584   918
0  35.05601 138.65602   974
0  35.05152 138.65620  1037
0  35.04701 138.65637  1097
0  35.04251 138.65654  1142
0  35.03802 138.65672  1191
0  35.03352 138.65689  1238
0  35.02901 138.65707  1277
0  35.02452 138.65724  1315
0  35.02002 138.65742  1343
0  35.01553 138.65759  1365
0  35.01102 138.65776  1380
0  35.00652 138.65793  1392
0  35.00203 138.65811  1404
0  35.11914 138.65906    35
1  35.11464 138.65924   147
0  35.11015 138.65939   200
1  35.10564 138.65958   306
0  35.10115 138.65974   385
0  35.09665 138.65993   439
0  35.09214 138.66010   502
0  35.08765 138.66028   578
0  35.08315 138.66045   643
0  35.07865 138.66063   701
0  35.07415 138.66078   759
0  35.06965 138.66096   812
0  35.06515 138.66115   861
0  35.06065 138.66132   917
0  35.05615 138.66148   977
0  35.05166 138.66167  1032
0  35.04716 138.66183  1089
0  35.04266 138.66202  1142
0  35.03816 138.66219  1185
0  35.03366 138.66237  1232
0  35.02916 138.66254  1275
0  35.02466 138.66270  1308
0  35.02016 138.66290  1337
0  35.01567 138.66306  1358
0  35.01117 138.66324  1372
0  35.00667 138.66341  1385
0  35.00217 138.66357  1401
1  35.12378 138.66435    42
1  35.11929 138.66454   112
1  35.11479 138.66469   170
1  35.11029 138.66487   249
1  35.10579 138.66505   333
0  35.10129 138.66522   413
0  35.09679 138.66539   460
0  35.09229 138.66557   513
0  35.08780 138.66576   587
0  35.08329 138.66592   645
0  35.07880 138.66609   691
0  35.07430 138.66626   751
0  35.06980 138.66644   812
0  35.06530 138.66663   864
0  35.06079 138.66678   920
0  35.05630 138.66696   985
0  35.05180 138.66714  1042
0  35.04730 138.66731  1102
0  35.04280 138.66748  1158
0  35.03830 138.66766  1198
0  35.03381 138.66785  1241
0  35.02930 138.66800  1279
0  35.02481 138.66818  1307
0  35.02031 138.66835  1330
0  35.01581 138.66853  1349
0  35.01131 138.66870  1368
0  35.00681 138.66888  1375
0  35.00231 138.66905  1389
1  35.12393 138.66983    83
1  35.11943 138.67001   160
0  35.11493 138.67017   200
1  35.11043 138.67036   296
1  35.10593 138.67053   368
0  35.10143 138.67070   424
0  35.09693 138.67087   487
0  35.09243 138.67105   535
0  35.08794 138.67123   597
0  35.08344 138.67139   652
0  35.07893 138.67157   700
0  35.07444 138.67175   759
0  35.06993 138.67191   817
0  35.06544 138.67209   868
0  35.06094 138.67226   930
0  35.05644 138.67244   995
0  35.05194 138.67261  1051
0  35.04744 138.67279  1104
0  35.04294 138.67296  1159
0  35.03844 138.67313  1204
0  35.03395 138.67329  1241
0  35.02945 138.67348  1273
0  35.02494 138.67365  1299
0  35.02045 138.67383  1317
0  35.01595 138.67400  1336
0  35.01146 138.67418  1346
0  35.00695 138.67435  1316
0  35.00245 138.67451  1305
1  35.12407 138.67529   128
1  35.11958 138.67546   189
1  35.11507 138.67563   254
1  35.11057 138.67583   341
0  35.10608 138.67601   428
0  35.10157 138.67618   451
0  35.09708 138.67635   490
0  35.09258 138.67653   545
0  35.08808 138.67670   603
0  35.08358 138.67686   667
0  35.07908 138.67705   707
0  35.07458 138.67720   755
0  35.07008 138.67738   818
0  35.06558 138.67757   875
0  35.06108 138.67773   925
0  35.05659 138.67790   990
0  35.05209 138.67809  1054
0  35.04759 138.67827  1104
0  35.04309 138.67844  1159
0  35.03859 138.67860  1207
0  35.03409 138.67877  1238
0  35.02959 138.67894  1262
0  35.02509 138.67912  1280
0  35.02060 138.67931  1297
0  35.01609 138.67947  1293
0  35.01160 138.67964  1262
0  35.00710 138.67982  1278
0  35.00260 138.67998  1250
1  35.12871 138.68060    77
1  35.12422 138.68077   135
0  35.11971 138.68094   200
1  35.11522 138.68112   277
1  35.11072 138.68129   374
0  35.10621 138.68146   463
0  35.10172 138.68163   500
0  35.09722 138.68182   540
0  35.09272 138.68199   581
0  35.08822 138.68217   637
0  35.08372 138.68234   699
0  35.07922 138.68251   751
0  35.07472 138.68268   783
0  35.07022 138.68286   831
0  35.06572 138.68303   891
0  35.06123 138.68321   942
0  35.05673 138.68338  1005
0  35.05223 138.68355  1064
0  35.04773 138.68372  1112
0  35.04323 138.68391  1168
0  35.03873 138.68407  1208
0  35.03423 138.68425  1228
0  35.02973 138.68442  1245
0  35.02524 138.68459  1217
0  35.02074 138.68477  1186
0  35.01624 138.68494  1211
0  35.01174 138.68510  1149
0  35.00724 138.68529  1157
0  35.00274 138.68544  1146
1  35.12885 138.68608   112
0  35.12436 138.68625   100
1  35.11986 138.68642   221
0  35.11536 138.68660   300
1  35.11086 138.68677   392
1  35.10636 138.68694   470
0  35.10186 138.68710   537
0  35.09736 138.68729   574
0  35.09286 138.68745   633
0  35.08836 138.68764   682
0  35.08386 138.68782   751
0  35.07936 138.68799   795
0  35.07486 138.68816   830
0  35.07036 138.68832   875
0  35.06586 138.68851   922
0  35.06137 138.68869   966
0  35.05687 138.68886  1023
0  35.05237 138.68903  1082
0  35.04787 138.68921  1126
0  35.04337 138.68936  1166
0  35.03888 138.68954  1196
0  35.03437 138.68971  1215
0  35.02987 138.68988  1210
0  35.02538 138.69006  1102
0  35.02088 138.69023  1036
0  35.01638 138.69040  1102
0  35.01188 138.69058  1071
0  35.00738 138.69075  1038
0  35.00288 138.69092  1042
1  35.12900 138.69154   132
0  35.12450 138.69173   200
1  35.12000 138.69189   244
1  35.11550 138.69208   319
1  35.11100 138.69223   403
1  35.10650 138.69241   485
1  35.10200 138.69258   557
0  35.09750 138.69275   614
0  35.09301 138.69293   655
0  35.08850 138.69312   703
0  35.08401 138.69328   753
0  35.07951 138.69345   803
0  35.07501 138.69362   851
0  35.07051 138.69380   896
0  35.06601 138.69398   944
0  35.06151 138.69415   984
0  35.05701 138.69434  1030
0  35.05251 138.69449  1077
0  35.04801 138.69467  1121
0  35.04351 138.69484  1150
0  35.03901 138.69501  1175
0  35.03452 138.69519  1191
0  35.03001 138.69536  1131
0  35.02552 138.69553  1040
0  35.02102 138.69571   914
0  35.01652 138.69586   954
0  35.01202 138.69604  1002
0  35.00752 138.69621   964
0  35.00303 138.69640   971
1  35.13364 138.69685    58
0  35.12914 138.69702   119
0  35.12465 138.69719   200
1  35.12014 138.69737   274
1  35.11564 138.69756   340
1  35.11115 138.69771   409
1  35.10664 138.69789   502
1  35.10214 138.69806   578
0  35.09764 138.69823   654
0  35.09314 138.69841   681
0  35.08865 138.69858   720
0  35.08415 138.69876   751
0  35.07965 138.69891   801
0  35.07515 138.69910   850
0  35.07065 138.69926   892
0  35.06615 138.69943   944
0  35.06165 138.69962   991
0  35.05715 138.69978  1033
0  35.05265 138.69997  1074
0  35.04816 138.70015  1113
0  35.04365 138.70030  1141
0  35.03915 138.70049  1161
0  35.03466 138.70065  1163
0  35.03016 138.70084  1104
0  35.02566 138.70099   923
0  35.02116 138.70117   856
0  35.01666 138.70134   918
0  35.01217 138.70151   926
0  35.00767 138.70169   879
0  35.00317 138.70184   875
1  35.13378 138.70233    63
1  35.12928 138.70250   155
1  35.12478 138.70267   229
1  35.12028 138.70285   315
1  35.11578 138.70303   371
0  35.11128 138.70320   400
0  35.10678 138.70337   550
1  35.10228 138.70354   600
0  35.09779 138.70370   658
0  35.09329 138.70387   689
0  35.08879 138.70406   751
0  35.08429 138.70422   784
0  35.07979 138.70439   821
0  35.07529 138.70457   864
0  35.07079 138.70473   904
0  35.06629 138.70491   952
0  35.06179 138.70508   998
0  35.05729 138.70526  1040
0  35.05280 138.70543  1077
0  35.04830 138.70560  1110
0  35.04380 138.70578  1134
0  35.03930 138.70595  1141
0  35.03480 138.70613  1063
0  35.03030 138.70628  1010
0  35.02581 138.70647   913
0  35.02130 138.70663   819
0  35.01680 138.70682   841
0  35.01231 138.70699   847
0  35.00781 138.70715   799
0  35.00330 138.70732   774
1  35.13392 138.70781    70
1  35.12942 138.70798   164
1  35.12492 138.70815   249
1  35.12043 138.70833   351
1  35.11592 138.70850   435
1  35.11142 138.70866   494
1  35.10693 138.70885   556
1  35.10242 138.70901   615
0  35.09793 138.70918   679
0  35.09343 138.70935   706
0  35.08893 138.70953   756
0  35.08443 138.70969   804
0  35.07993 138.70987   844
0  35.07543 138.71004   881
0  35.07093 138.71021   912
0  35.06643 138.71037   946
0  35.06194 138.71056   985
0  35.05743 138.71071  1031
0  35.05294 138.71089  1061
0  35.04844 138.71107  1095
0  35.04394 138.71124  1119
0  35.03944 138.71141  1073
0  35.03494 138.71158   930
0  35.03044 138.71176   817
0  35.02594 138.71193   810
0  35.02144 138.71211   769
0  35.01694 138.71228   776
0  35.01244 138.71246   779
0  35.00795 138.71262   734
0  35.00345 138.71280   666
1  35.13406 138.71329    73
1  35.12956 138.71346   169
0  35.12506 138.71362   150
0  35.12056 138.71381   399
0  35.11606 138.71397   500
1  35.11156 138.71414   548
1  35.10707 138.71431   582
0  35.10256 138.71449   625
0  35.09807 138.71465   692
0  35.09357 138.71483   715
0  35.08907 138.71500   759
0  35.08457 138.71518   805
0  35.08007 138.71533   846
0  35.07557 138.71552   885
0  35.07107 138.71568   916
0  35.06657 138.71585   941
0  35.06208 138.71603   973
0  35.05758 138.71619  1016
0  35.05307 138.71637  1043
0  35.04858 138.71654  1076
0  35.04408 138.71672  1092
0  35.03958 138.71689  1073
0  35.03508 138.71706   973
0  35.03058 138.71722   914
0  35.02608 138.71739   848
0  35.02159 138.71756   745
0  35.01708 138.71776   712
0  35.01258 138.71791   697
0  35.00809 138.71809   648
0  35.00359 138.71826   586
1  35.13420 138.71877    79
1  35.12970 138.71895   155
1  35.12521 138.71910   264
1  35.12070 138.71928   394
1  35.11620 138.71945   505
1  35.11171 138.71962   571
1  35.10720 138.71979   608
1  35.10270 138.71996   653
0  35.09821 138.72012   702
0  35.09371 138.72031   728
0  35.08921 138.72046   773
0  35.08471 138.72066   810
0  35.08021 138.72081   845
0  35.07571 138.72099   884
0  35.07121 138.72116   919
0  35.06672 138.72133   948
0  35.06221 138.72150   974
0  35.05772 138.72166  1006
0  35.05322 138.72183  1032
0  35.04872 138.72202  1055
0  35.04422 138.72218  1069
0  35.03972 138.72237  1066
0  35.03522 138.72252  1039
0  35.03072 138.72270   970
0  35.02623 138.72287   901
0  35.02173 138.72302   798
0  35.01722 138.72321   727
0  35.01273 138.72337   645
0  35.00823 138.72354   564
0  35.00373 138.72372   538
1  35.13435 138.72424    76
0  35.12984 138.72443   100
1  35.12535 138.72458   259
1  35.12085 138.72476   388
1  35.11634 138.72493   503
1  35.11185 138.72510   570
1  35.10735 138.72527   631
1  35.10285 138.72543   677
0  35.09835 138.72560   719
0  35.09385 138.72577   743
0  35.08935 138.72595   785
0  35.08485 138.72610   825
0  35.08035 138.72629   857
0  35.07585 138.72646   886
0  35.07135 138.72664   917
0  35.06686 138.72681   945
0  35.06236 138.72697   968
0  35.05786 138.72714  1000
0  35.05336 138.72731  1026
0  35.04886 138.72748  1044
0  35.04436 138.72766  1045
0  35.03986 138.72781  1011
0  35.03536 138.72798  1009
0  35.03086 138.72816   913
0  35.02636 138.72832   837
0  35.02187 138.72850   810
0  35.01736 138.72867   751
0  35.01287 138.72884   661
0  35.00837 138.72900   531
0  35.00387 138.72919   497
1  35.12998 138.72990   131
1  35.12548 138.73006   263
1  35.12098 138.73024   392
0  35.11649 138.73041   500
1  35.11198 138.73058   578
0  35.10748 138.73074   650
0  35.10299 138.73091   696
0  35.09849 138.73108   749
0  35.09399 138.73125   771
0  35.08949 138.73143   801
0  35.08499 138.73158   831
0  35.08049 138.73177   859
0  35.07599 138.73193   879
0  35.07149 138.73209   900
0  35.06700 138.73227   932
0  35.06250 138.73244   956
0  35.05800 138.73262   991
0  35.05350 138.73279  1000
0  35.04900 138.73296   992
0  35.04450 138.73312   991
0  35.04000 138.73329   933
0  35.03550 138.73346   932
0  35.03101 138.73363   905
0  35.02650 138.73381   752
0  35.02201 138.73396   761
0  35.01751 138.73415   692
0  35.01301 138.73431   645
0  35.00851 138.73447   484
0  35.00401 138.73465   453
0  35.13012 138.73538   100
1  35.12563 138.73553   260
1  35.12112 138.73570   393
1  35.11662 138.73589   510
1  35.11213 138.73605   585
0  35.10762 138.73622   651
0  35.10313 138.73639   719
0  35.09863 138.73656   739
0  35.09413 138.73672   770
0  35.08963 138.73689   801
0  35.08513 138.73706   827
0  35.08063 138.73723   848
0  35.07613 138.73741   861
0  35.07164 138.73758   878
0  35.06713 138.73775   816
0  35.06263 138.73792   871
0  35.05814 138.73808   861
0  35.05364 138.73825   865
0  35.04913 138.73842   908
0  35.04464 138.73860   939
0  35.04014 138.73875   816
0  35.03564 138.73892   820
0  35.03114 138.73911   837
0  35.02665 138.73926   697
0  35.02214 138.73944   659
0  35.01765 138.73961   595
0  35.01315 138.73978   579
0  35.00865 138.73996   425
0  35.00415 138.74011   407
1  35.13026 138.74086   119
1  35.12576 138.74101   235
1  35.12127 138.74118   368
0  35.11676 138.74136   500
1  35.11226 138.74153   583
1  35.10777 138.74170   659
0  35.10327 138.74187   726
0  35.09877 138.74203   747
0  35.09427 138.74220   770
0  35.08977 138.74237   794
0  35.08527 138.74254   822
0  35.08077 138.74271   838
0  35.07627 138.74287   852
0  35.07177 138.74306   854
0  35.06727 138.74321   771
0  35.06277 138.74339   709
0  35.05827 138.74356   691
0  35.05378 138.74373   713
0  35.04927 138.74390   744
0  35.04478 138.74406   856
0  35.04028 138.74423   806
0  35.03578 138.74440   661
0  35.03128 138.74457   734
0  35.02678 138.74474   619
0  35.02228 138.74490   534
0  35.01778 138.74507   471
1  35.01328 138.74524   443
0  35.00879 138.74541   379
0  35.00429 138.74557   347
1  35.12590 138.74649   203
1  35.12140 138.74666   318
1  35.11691 138.74684   445
1  35.11240 138.74699   558
1  35.10791 138.74716   653
0  35.10341 138.74734   721
0  35.09891 138.74750   748
0  35.09441 138.74768   779
0  35.08991 138.74785   803
0  35.08541 138.74800   816
0  35.08091 138.74818   804
0  35.07641 138.74835   788
0  35.07191 138.74852   751
0  35.06741 138.74869   723
0  35.06292 138.74886   592
0  35.05841 138.74902   566
0  35.05392 138.74921   581
0  35.04942 138.74936   661
1  35.04491 138.74954   707
0  35.04042 138.74971   752
0  35.03592 138.74988   625
0  35.03142 138.75005   590
0  35.02692 138.75021   542
0  35.02242 138.75038   484
1  35.01792 138.75055   393
1  35.01342 138.75072   347
0  35.00892 138.75089   300
1  35.00443 138.75105   278
1  35.12618 138.75745   113
1  35.12168 138.75761   184
1  35.11718 138.75778   347
1  35.11268 138.75795   492
0  35.10818 138.75812   600
0  35.10368 138.75829   679
0  35.09919 138.75845   706
0  35.09468 138.75862   760
0  35.09018 138.75879   761
0  35.08569 138.75896   752
0  35.08119 138.75912   722
0  35.07669 138.75929   660
0  35.07219 138.75946   500
1  35.06769 138.75963   565
1  35.06319 138.75980   541
1  35.05869 138.75998   482
0  35.05419 138.76013   400
0  35.04969 138.76030   400
1  35.04520 138.76048   431
1  35.04070 138.76065   453
1  35.03620 138.76080   439
1  35.03170 138.76099   379
1  35.02720 138.76115   307
1  35.02270 138.76131   250
0  35.01820 138.76147   200
0  35.01370 138.76166   200
0  35.00921 138.76183   200
0  35.00470 138.76198   160
1  35.00021 138.76216   151
0  35.12632 138.76292    50
1  35.12182 138.76309   162
1  35.11732 138.76326   313
1  35.11282 138.76343   456
1  35.10832 138.76360   576
0  35.10382 138.76376   665
0  35.09932 138.76393   696
0  35.09482 138.76410   679
0  35.09032 138.76427   711
0  35.08582 138.76443   710
0  35.08133 138.76460   665
0  35.07683 138.76477   691
1  35.07233 138.76494   574
1  35.06783 138.76511   530
1  35.06333 138.76527   483
1  35.05883 138.76544   445
1  35.05433 138.76561   375
1  35.04983 138.76578   330
0  35.04533 138.76595   300
0  35.04084 138.76611   300
1  35.03633 138.76628   290
0  35.03183 138.76645   200
1  35.02734 138.76662   189
1  35.02284 138.76678   161
0  35.01834 138.76695   145
0  35.01384 138.76712   130
0  35.00934 138.76729   135
0  35.00484 138.76746   130
1  35.00035 138.76762   115
1  35.12196 138.76857   167
1  35.11746 138.76874   285
0  35.11295 138.76891   393
1  35.10846 138.76907   529
0  35.10396 138.76924   649
0  35.09946 138.76941   641
0  35.09496 138.76958   615
0  35.09046 138.76974   681
0  35.08596 138.76991   659
0  35.08146 138.77008   615
0  35.07697 138.77025   657
1  35.07247 138.77042   569
1  35.06797 138.77058   505
1  35.06347 138.77075   443
0  35.05897 138.77092   400
1  35.05447 138.77109   335
1  35.04997 138.77126   272
0  35.04547 138.77142   200
1  35.04097 138.77159   202
1  35.03647 138.77176   180
0  35.03197 138.77191   143
0  35.02747 138.77209   140
1  35.02298 138.77226   120
1  35.01847 138.77242    97
1  35.01398 138.77258    92
1  35.00948 138.77277    85
1  35.00498 138.77292    72
1  35.00048 138.77309    47
1  35.12209 138.77405   172
0  35.11759 138.77422   250
1  35.11310 138.77438   366
1  35.10860 138.77455   472
1  35.10410 138.77472   537
0  35.09960 138.77489   537
0  35.09510 138.77504   604
0  35.09060 138.77522   640
0  35.08610 138.77539   590
0  35.08160 138.77554   568
0  35.07711 138.77571   595
1  35.07261 138.77589   545
1  35.06810 138.77605   487
1  35.06361 138.77621   410
1  35.05910 138.77638   356
1  35.05461 138.77657   290
1  35.05011 138.77672   235
1  35.04561 138.77689   172
0  35.04111 138.77705   167
0  35.03661 138.77722   141
0  35.03211 138.77739   126
1  35.02761 138.77756   104
1  35.02311 138.77773    58
1  35.12223 138.77953   150
1  35.11773 138.77969   203
1  35.11324 138.77985   300
1  35.10873 138.78003   397
0  35.10424 138.78020   500
0  35.09974 138.78035   508
0  35.09523 138.78052   572
0  35.09074 138.78069   573
0  35.08624 138.78087   542
0  35.08174 138.78102   532
1  35.07724 138.78119   523
1  35.07274 138.78136   490
1  35.06824 138.78152   430
0  35.06374 138.78169   375
1  35.05924 138.78186   296
1  35.05474 138.78203   240
0  35.05024 138.78220   202
0  35.04575 138.78236   153
0  35.04125 138.78253   140
0  35.03675 138.78270   130
1  35.03225 138.78285   107
1  35.11787 138.78516   154
1  35.11337 138.78532   231
1  35.10887 138.78549   314
1  35.10437 138.78566   404
1  35.09987 138.78583   466
0  35.09537 138.78600   489
0  35.09087 138.78616   495
0  35.08637 138.78633   490
0  35.08188 138.78650   507
0  35.07738 138.78667   500
1  35.07288 138.78683   434
1  35.06838 138.78700   371
1  35.06388 138.78716   301
0  35.05938 138.78734   200
0  35.05488 138.78751   200
0  35.05038 138.78767   150
0  35.04588 138.78783   150
1  35.04138 138.78799   134
1  35.03688 138.78815   118
1  35.11801 138.79063   109
0  35.11351 138.79080   100
1  35.10901 138.79097   240
1  35.10451 138.79114   328
0  35.10001 138.79131   400
0  35.09551 138.79147   462
0  35.09101 138.79164   456
0  35.08651 138.79181   436
1  35.08202 138.79198   434
0  35.07751 138.79213   400
1  35.07302 138.79231   381
1  35.06852 138.79248   312
0  35.06401 138.79265   200
1  35.05952 138.79280   194
1  35.05502 138.79297   163
0  35.05052 138.79312   144
0  35.04602 138.79330   130
1  35.04152 138.79347   125
1  35.03702 138.79362   107
1  35.03252 138.79379    75
1  35.02802 138.79396     5
1  35.11365 138.79628   119
1  35.10915 138.79645   167
1  35.10464 138.79662   245
1  35.10015 138.79678   312
1  35.09565 138.79695   358
1  35.09115 138.79712   380
1  35.08665 138.79729   385
1  35.08215 138.79745   380
1  35.07765 138.79761   370
1  35.07315 138.79778   340
1  35.06865 138.79794   281
1  35.06415 138.79813   216
1  35.05965 138.79828   168
0  35.05515 138.79845   135
0  35.05066 138.79860   134
0  35.04616 138.79877   117
0  35.04166 138.79893   114
1  35.03716 138.79910   107
1  35.03266 138.79927    86
0  35.02816 138.79944    80
0  35.11378 138.80176   100
1  35.10928 138.80193   131
1  35.10479 138.80209   164
1  35.10028 138.80226   215
1  35.09578 138.80243   256
1  35.09129 138.80258   287
1  35.08678 138.80276   302
1  35.08229 138.80293   305
1  35.07779 138.80309   304
1  35.07329 138.80325   293
1  35.06879 138.80342   244
0  35.06429 138.80357   200
0  35.05979 138.80374   136
0  35.05529 138.80391   132
0  35.05079 138.80408   127
0  35.04630 138.80424   117
0  35.04179 138.80441   114
0  35.03730 138.80458   114
1  35.03279 138.80475    90
0  35.02830 138.80490    78
0  35.10942 138.80740   105
0  35.10492 138.80757   125
0  35.10042 138.80774   125
1  35.09592 138.80789   152
1  35.09142 138.80806   204
0  35.08693 138.80823   245
1  35.08242 138.80840   220
1  35.07792 138.80856   234
0  35.07343 138.80873   300
1  35.06893 138.80890   205
1  35.06442 138.80905   160
0  35.05993 138.80922   132
0  35.05543 138.80939   129
0  35.05093 138.80956   123
0  35.04643 138.80972   117
0  35.04193 138.80988   114
0  35.03743 138.81004   114
1  35.03293 138.81021    91
0  35.02843 138.81038    62
1  35.10955 138.81288    95
0  35.10505 138.81305    95
0  35.10056 138.81322   102
0  35.09605 138.81337   106
0  35.09155 138.81354   110
0  35.08706 138.81371   115
0  35.08256 138.81387   120
0  35.07806 138.81403   120
0  35.07356 138.81419   125
0  35.06906 138.81436   125
0  35.06456 138.81451   127
0  35.06006 138.81468   123
0  35.05556 138.81487   122
0  35.05107 138.81503   121
0  35.04656 138.81519   116
0  35.04206 138.81535   115
0  35.03757 138.81552   114
1  35.03307 138.81569    90
1  35.02856 138.81584    19
1  35.10519 138.81853    88
0  35.10069 138.81868    95
0  35.09619 138.81885   102
0  35.09169 138.81902   100
0  35.08719 138.81918   106
0  35.08270 138.81935   102
0  35.07819 138.81950   115
0  35.07370 138.81967   115
0  35.06919 138.81984   118
0  35.06469 138.81999   120
0  35.06020 138.82016   123
0  35.05570 138.82033   119
0  35.05120 138.82050   117
0  35.04670 138.82066   115
0  35.04220 138.82082   113
1  35.03770 138.82098   108
1  35.03320 138.82115    87
0  35.02871 138.82130    83
0  35.10533 138.82399    75
0  35.10083 138.82416    87
1  35.09632 138.82433    85
1  35.09183 138.82449    91
1  35.08733 138.82466    97
0  35.08283 138.82483    95
0  35.07833 138.82498    99
0  35.07383 138.82515   106
1  35.06933 138.82530   113
0  35.06483 138.82547   109
0  35.06033 138.82564   115
0  35.05584 138.82581   110
0  35.05133 138.82597   111
0  35.04684 138.82614   111
0  35.04234 138.82629   110
1  35.03784 138.82646   107
1  35.03334 138.82661    91
1  35.02884 138.82678    28
0  35.10096 138.82964    53
0  35.09646 138.82980    79
0  35.09196 138.82996    76
1  35.08747 138.83012    77
1  35.08297 138.83028    86
1  35.07846 138.83044    93
0  35.07397 138.83061   102
1  35.06947 138.83078   103
0  35.06496 138.83095   105
0  35.06047 138.83112   107
0  35.05597 138.83127   106
0  35.05147 138.83144   106
0  35.04697 138.83159   105
0  35.04247 138.83176   108
0  35.03797 138.83192   109
0  35.03347 138.83209   105
1  35.02897 138.83226    52
0  35.02448 138.83243    35
0  35.09660 138.83528    48
0  35.09210 138.83543    58
1  35.08760 138.83560    63
0  35.08310 138.83577    73
1  35.07860 138.83592    77
1  35.07410 138.83609    81
1  35.06960 138.83626    93
0  35.06510 138.83643   100
1  35.06060 138.83659   101
0  35.05611 138.83675    99
0  35.05161 138.83691   103
0  35.04711 138.83707   102
0  35.04261 138.83723   105
0  35.03811 138.83740   104
0  35.03361 138.83757   103
1  35.02911 138.83774    77
0  35.02461 138.83791    33
1  35.09673 138.84074    40
0  35.09223 138.84091    41
0  35.08773 138.84108    44
0  35.08324 138.84125    72
0  35.07873 138.84140    60
0  35.07423 138.84157    70
0  35.06974 138.84174    92
1  35.06524 138.84190    88
1  35.06074 138.84204    95
0  35.05624 138.84221    98
0  35.05174 138.84238   102
0  35.04724 138.84254   100
0  35.04274 138.84271   102
0  35.03824 138.84286   100
0  35.03374 138.84303   101
0  35.02924 138.84320    89
0  35.02475 138.84335    80
0  35.08787 138.84656    22
1  35.08337 138.84671    42
0  35.07887 138.84686    34
0  35.07437 138.84703    50
0  35.06987 138.84720    70
0  35.06536 138.84737    85
1  35.06087 138.84752    87
1  35.05637 138.84769    93
0  35.05188 138.84785    97
0  35.04737 138.84802    96
0  35.04287 138.84819    97
1  35.03838 138.84834    97
0  35.03387 138.84851    96
0  35.02938 138.84866    90
0  35.02488 138.84883    80
0  35.07450 138.85251    27
0  35.07000 138.85268    55
0  35.06551 138.85284    78
0  35.06100 138.85301    83
0  35.05651 138.85316    87
0  35.05201 138.85332    90
0  35.04750 138.85349    93
0  35.04301 138.85365    95
0  35.03851 138.85381    92
0  35.03401 138.85397    93
0  35.02951 138.85414    61
0  35.02501 138.85431    60
1  35.07014 138.85815    46
0  35.06564 138.85831    59
0  35.06114 138.85846    69
0  35.05664 138.85863    80
0  35.05214 138.85880    83
0  35.04764 138.85896    90
0  35.04314 138.85913    91
0  35.03864 138.85928    90
0  35.03415 138.85944    92
0  35.02964 138.85960    46
0  35.02515 138.85977    30
1  35.07027 138.86362    32
0  35.06577 138.86378    35
0  35.06127 138.86394    55
0  35.05677 138.86411    74
0  35.05227 138.86427    80
0  35.04777 138.86443    85
0  35.04327 138.86458    87
0  35.03878 138.86475    87
0  35.03428 138.86491    77
0  35.02978 138.86508    72
0  35.02528 138.86525    51
1  35.07040 138.86909     8
1  35.06591 138.86926    29
1  35.06141 138.86942    48
0  35.05690 138.86958    60
0  35.05241 138.86974    75
0  35.04790 138.86990    80
0  35.04341 138.87006    82
0  35.03891 138.87022    84
0  35.03441 138.87038    79
0  35.02991 138.87054    50
1  35.06154 138.87489    23
1  35.05704 138.87506    48
0  35.05254 138.87521    60
0  35.04804 138.87538    75
0  35.04354 138.87553    76
0  35.03904 138.87570    75
0  35.03454 138.87585    72
1  35.03004 138.87602    34
1  35.05717 138.88049    16
1  35.05267 138.88068    44
1  35.04817 138.88084    60
0  35.04367 138.88101    70
0  35.03917 138.88118    68
0  35.03468 138.88132    72
1  35.03018 138.88148    11
1  35.04831 138.88631    28
1  35.04380 138.88646    39
1  35.03930 138.88663    33
