0  38.02207 140.92122    10
0  38.01756 140.92126    10
0  38.01305 140.92131    10
0  38.00853 140.92134    10
0  38.00402 140.92137    10
0  38.06723 140.92656     5
0  38.06271 140.92661     5
0  38.05820 140.92664     5
0  38.05369 140.92667     5
0  38.04918 140.92671     5
0  38.04466 140.92674     5
0  38.04015 140.92679     5
0  38.03564 140.92682    10
0  38.03112 140.92686    10
0  38.02662 140.92690    10
0  38.02210 140.92693    15
0  38.01759 140.92697    11
0  38.01308 140.92700    15
0  38.00856 140.92703    15
0  38.00405 140.92708    16
0  38.09885 140.93201     5
0  38.09433 140.93205    10
0  38.08982 140.93210    10
0  38.08531 140.93213    10
0  38.08080 140.93216    10
0  38.07628 140.93221    10
0  38.07177 140.93224    10
0  38.06726 140.93227    10
0  38.06275 140.93231    10
0  38.05824 140.93234    10
0  38.05372 140.93237    10
0  38.04921 140.93242    10
0  38.04469 140.93245    10
0  38.04018 140.93248    10
0  38.03567 140.93254    10
0  38.03115 140.93256    15
0  38.02665 140.93260    16
0  38.02213 140.93263    17
0  38.01762 140.93268    17
0  38.01310 140.93271    17
0  38.00859 140.93274    17
0  38.00408 140.93279    17
0  38.11693 140.93758     5
0  38.11242 140.93761     5
0  38.10790 140.93764     5
0  38.10339 140.93770    10
0  38.09887 140.93773    10
0  38.09437 140.93776    10
0  38.08985 140.93781    15
0  38.08533 140.93784    15
0  38.08083 140.93788    14
0  38.07631 140.93791    13
0  38.07180 140.93794    13
0  38.06728 140.93799    16
0  38.06277 140.93802    15
0  38.05826 140.93805    15
0  38.05375 140.93810    16
0  38.04924 140.93813    15
0  38.04472 140.93816    15
0  38.04021 140.93820    16
0  38.03569 140.93823    16
0  38.03119 140.93826    17
0  38.02667 140.93829    17
0  38.02216 140.93834    18
0  38.01765 140.93839    18
0  38.01313 140.93840    18
0  38.00862 140.93845    19
0  38.00411 140.93849    18
0  38.12598 140.94322     5
0  38.12147 140.94325     5
0  38.11695 140.94328    10
0  38.11244 140.94333    10
0  38.10793 140.94334    14
0  38.10342 140.94339    17
0  38.09890 140.94344    15
0  38.09439 140.94345    17
0  38.08988 140.94351    18
0  38.08537 140.94354    18
0  38.08085 140.94357    18
0  38.07634 140.94363    17
0  38.07183 140.94365    18
0  38.06731 140.94370    18
0  38.06281 140.94371    18
0  38.05829 140.94377    17
0  38.05378 140.94380    18
0  38.04926 140.94383    17
0  38.04475 140.94388    17
0  38.04024 140.94389    17
0  38.03572 140.94394    18
0  38.03121 140.94398    18
0  38.02670 140.94400    19
0  38.02219 140.94405    19
0  38.01767 140.94408    20
0  38.01316 140.94411    19
0  38.00865 140.94415    20
0  38.00414 140.94418    20
0  38.14406 140.94879     5
0  38.13955 140.94882     5
0  38.13503 140.94885     5
0  38.13052 140.94890    10
0  38.12601 140.94893    14
0  38.12150 140.94896    16
0  38.11699 140.94899    17
0  38.11247 140.94904    17
0  38.10796 140.94907    18
0  38.10344 140.94910    18
0  38.09893 140.94914    18
0  38.09442 140.94917    18
0  38.08990 140.94920    18
0  38.08539 140.94923    18
0  38.08088 140.94930    18
0  38.07637 140.94933    18
0  38.07185 140.94936    18
0  38.06734 140.94940    18
0  38.06283 140.94943    19
0  38.05832 140.94946    19
0  38.05381 140.94949    19
0  38.04929 140.94954    19
0  38.04478 140.94958    19
0  38.04026 140.94962    20
0  38.03576 140.94965    20
0  38.03124 140.94968    20
0  38.02673 140.94972    20
0  38.02222 140.94975    20
0  38.01770 140.94978    20
0  38.01319 140.94983    20
0  38.00867 140.94986    20
0  38.00416 140.94989    20
0  38.15311 140.95442     5
0  38.14860 140.95447     5
0  38.14409 140.95450    10
0  38.13957 140.95454    14
0  38.13506 140.95456    17
0  38.13055 140.95461    18
0  38.12603 140.95465    18
0  38.12152 140.95468    18
0  38.11701 140.95471    18
0  38.11250 140.95474    18
0  38.10798 140.95479    19
0  38.10347 140.95482    19
0  38.09896 140.95485    19
0  38.09445 140.95488    19
0  38.08993 140.95493    19
0  38.08542 140.95496    19
0  38.08091 140.95499    20
0  38.07640 140.95503    20
0  38.07188 140.95508    20
0  38.06737 140.95511    20
0  38.06286 140.95514    20
0  38.05834 140.95518    20
0  38.05383 140.95520    20
0  38.04932 140.95525    20
0  38.04481 140.95528    20
0  38.04029 140.95531    20
0  38.03579 140.95534    20
0  38.03127 140.95538    20
0  38.02676 140.95541    21
0  38.02224 140.95544    21
0  38.01773 140.95551    22
0  38.01321 140.95552    22
0  38.00870 140.95557    22
0  38.00419 140.95558    21
0  38.16668 140.96004     2
0  38.16217 140.96008     2
0  38.15766 140.96011     5
0  38.15314 140.96016    13
0  38.14863 140.96017    17
0  38.14412 140.96022    17
0  38.13960 140.96025    18
0  38.13509 140.96030    18
0  38.13058 140.96031    18
0  38.12606 140.96036    19
0  38.12155 140.96037    19
0  38.11704 140.96043    19
0  38.11252 140.96045    19
0  38.10801 140.96049    20
0  38.10350 140.96051    20
0  38.09899 140.96057    20
0  38.09447 140.96059    20
0  38.08996 140.96063    20
0  38.08545 140.96066    20
0  38.08094 140.96069    20
0  38.07642 140.96074    20
0  38.07191 140.96077    20
0  38.06740 140.96080    20
0  38.06289 140.96083    20
0  38.05837 140.96089    21
0  38.05386 140.96092    22
0  38.04935 140.96095    21
0  38.04483 140.96098    21
0  38.04032 140.96103    22
0  38.03581 140.96106    22
0  38.03130 140.96109    22
0  38.02678 140.96112    22
0  38.02227 140.96117    23
0  38.01775 140.96120    23
0  38.01324 140.96123    23
0  38.00873 140.96126    22
0  38.00422 140.96130    22
0  38.18025 140.96565     5
0  38.17573 140.96570     5
0  38.17122 140.96573    10
0  38.16671 140.96576    10
0  38.16219 140.96579    13
0  38.15768 140.96584    18
0  38.15317 140.96585    18
0  38.14865 140.96591    18
0  38.14414 140.96593    18
0  38.13963 140.96597    19
0  38.13512 140.96599    19
0  38.13061 140.96605    19
0  38.12609 140.96606    19
0  38.12158 140.96611    20
0  38.11707 140.96613    20
0  38.11255 140.96617    20
0  38.10804 140.96620    20
0  38.10353 140.96625    20
0  38.09902 140.96628    21
0  38.09450 140.96631    21
0  38.08999 140.96634    21
0  38.08548 140.96637    22
0  38.08096 140.96642    22
0  38.07645 140.96643    22
0  38.07194 140.96648    22
0  38.06742 140.96651    22
0  38.06292 140.96655    22
0  38.05840 140.96657    22
0  38.05389 140.96661    22
0  38.04937 140.96664    22
0  38.04486 140.96671    23
0  38.04034 140.96674    23
0  38.03584 140.96677    22
0  38.03132 140.96680    23
0  38.02681 140.96684    23
0  38.02230 140.96686    23
0  38.01778 140.96690    23
0  38.01327 140.96693    24
0  38.00876 140.96696    23
0  38.00425 140.96700    23
0  38.18930 140.97131    10
0  38.18478 140.97134    10
0  38.18027 140.97137    10
0  38.17576 140.97141    10
0  38.17125 140.97145    10
0  38.16674 140.97147    16
0  38.16222 140.97153    18
0  38.15771 140.97154    18
0  38.15320 140.97159    19
0  38.14868 140.97160    19
0  38.14417 140.97163    19
0  38.13966 140.97168    20
0  38.13514 140.97171    20
0  38.13063 140.97174    20
0  38.12612 140.97177    20
0  38.12160 140.97182    20
0  38.11709 140.97185    21
0  38.11258 140.97188    21
0  38.10807 140.97191    21
0  38.10356 140.97195    22
0  38.09904 140.97198    22
0  38.09453 140.97203    22
0  38.09002 140.97205    22
0  38.08550 140.97209    22
0  38.08099 140.97211    22
0  38.07647 140.97214    22
0  38.07197 140.97218    23
0  38.06745 140.97221    23
0  38.06294 140.97224    23
0  38.05843 140.97227    23
0  38.05391 140.97232    23
0  38.04940 140.97235    23
0  38.04488 140.97240    24
0  38.04037 140.97241    24
0  38.03586 140.97247    24
0  38.03135 140.97250    24
0  38.02684 140.97253    24
0  38.02232 140.97256    24
0  38.01781 140.97260    24
0  38.01330 140.97264    24
0  38.00879 140.97266    24
0  38.00427 140.97270    24
0  38.19835 140.97697    10
0  38.19384 140.97699    10
0  38.18933 140.97702    10
0  38.18481 140.97707    13
0  38.18030 140.97708    17
0  38.17579 140.97713    17
0  38.17128 140.97716    18
0  38.16676 140.97720    18
0  38.16225 140.97722    19
0  38.15774 140.97728    19
0  38.15322 140.97729    20
0  38.14871 140.97733    20
0  38.14420 140.97736    20
0  38.13969 140.97739    20
0  38.13517 140.97743    21
0  38.13066 140.97746    20
0  38.12615 140.97749    21
0  38.12163 140.97752    21
0  38.11712 140.97755    22
0  38.11261 140.97760    22
0  38.10809 140.97762    22
0  38.10358 140.97766    23
0  38.09907 140.97769    23
0  38.09455 140.97772    23
0  38.09004 140.97775    23
0  38.08553 140.97780    22
0  38.08102 140.97783    23
0  38.07650 140.97786    23
0  38.07199 140.97789    23
0  38.06748 140.97792    24
0  38.06297 140.97797    24
0  38.05845 140.97800    24
0  38.05394 140.97803    24
0  38.04943 140.97806    24
0  38.04491 140.97809    24
0  38.04041 140.97813    24
0  38.03589 140.97815    24
0  38.03137 140.97820    25
0  38.02686 140.97824    25
0  38.02235 140.97827    25
0  38.01784 140.97830    25
0  38.01332 140.97833    26
0  38.00882 140.97838    25
0  38.00430 140.97841    24
0  38.20741 140.98260    10
0  38.20289 140.98265    10
0  38.19838 140.98267    16
0  38.19387 140.98273    17
0  38.18935 140.98274    17
0  38.18484 140.98277    18
0  38.18032 140.98282    18
0  38.17581 140.98283    18
0  38.17130 140.98288    18
0  38.16679 140.98291    19
0  38.16227 140.98296    20
0  38.15776 140.98297    20
0  38.15325 140.98300    20
0  38.14874 140.98305    20
0  38.14422 140.98308    21
0  38.13971 140.98311    21
0  38.13520 140.98314    22
0  38.13068 140.98317    22
0  38.12617 140.98320    22
0  38.12166 140.98323    22
0  38.11715 140.98328    22
0  38.11263 140.98331    23
0  38.10812 140.98334    20
0  38.10361 140.98337    20
0  38.09909 140.98340    20
0  38.09458 140.98344    23
0  38.09007 140.98347    23
0  38.08555 140.98351    23
0  38.08104 140.98354    23
0  38.07653 140.98357    23
0  38.07202 140.98361    24
0  38.06750 140.98364    24
0  38.06299 140.98367    24
0  38.05848 140.98370    24
0  38.05397 140.98373    25
0  38.04945 140.98376    25
0  38.04494 140.98380    25
0  38.04043 140.98384    25
0  38.03592 140.98387    25
0  38.03140 140.98390    26
0  38.02689 140.98393    26
0  38.02238 140.98396    26
0  38.01786 140.98402    27
0  38.01335 140.98405    26
0  38.00884 140.98407    26
0  38.00433 140.98412    26
0  38.21646 140.98827    10
0  38.21194 140.98831    10
0  38.20743 140.98834    10
0  38.20292 140.98837    17
0  38.19841 140.98840    18
0  38.19389 140.98842    18
0  38.18938 140.98848    18
0  38.18486 140.98849    18
0  38.18036 140.98853    19
0  38.17584 140.98857    19
0  38.17133 140.98859    19
0  38.16682 140.98863    20
0  38.16230 140.98866    20
0  38.15779 140.98869    20
0  38.15327 140.98872    21
0  38.14876 140.98875    21
0  38.14425 140.98880    21
0  38.13974 140.98882    22
0  38.13522 140.98885    22
0  38.13071 140.98889    22
0  38.12620 140.98892    22
0  38.12169 140.98895    22
0  38.11717 140.98898    22
0  38.11266 140.98901    23
0  38.10815 140.98906    20
0  38.10363 140.98909    20
0  38.09912 140.98912    20
0  38.09461 140.98915    20
0  38.09009 140.98918    22
0  38.08558 140.98923    23
0  38.08107 140.98924    23
0  38.07656 140.98927    24
0  38.07204 140.98932    24
0  38.06753 140.98935    24
0  38.06302 140.98936    24
0  38.05850 140.98941    25
0  38.05399 140.98944    25
0  38.04948 140.98949    25
0  38.04497 140.98952    26
0  38.04045 140.98953    26
0  38.03594 140.98958    26
0  38.03143 140.98959    26
0  38.02692 140.98962    27
0  38.02240 140.98967    27
0  38.01789 140.98970    27
0  38.01337 140.98973    27
0  38.00887 140.98976    27
0  38.00435 140.98981    26
0  38.22551 140.99393    10
0  38.22100 140.99396    10
0  38.21648 140.99399    10
0  38.21197 140.99403    17
0  38.20746 140.99406    18
0  38.20294 140.99409    18
0  38.19843 140.99413    18
0  38.19392 140.99416    19
0  38.18940 140.99419    19
0  38.18489 140.99422    19
0  38.18038 140.99425    20
0  38.17587 140.99428    20
0  38.17136 140.99432    20
0  38.16684 140.99434    20
0  38.16233 140.99437    20
0  38.15781 140.99442    22
0  38.15330 140.99443    21
0  38.14879 140.99448    22
0  38.14428 140.99451    22
0  38.13976 140.99454    23
0  38.13525 140.99457    23
0  38.13074 140.99460    23
0  38.12622 140.99463    23
0  38.12171 140.99467    23
0  38.11720 140.99471    23
0  38.11268 140.99474    20
0  38.10817 140.99477    20
0  38.10366 140.99480    20
0  38.09915 140.99483    20
0  38.09463 140.99486    20
0  38.09012 140.99489    23
0  38.08561 140.99493    24
0  38.08109 140.99496    24
0  38.07658 140.99498    25
0  38.07207 140.99503    25
0  38.06756 140.99506    25
0  38.06304 140.99507    25
0  38.05853 140.99513    25
0  38.05402 140.99515    26
0  38.04950 140.99518    26
0  38.04499 140.99521    27
0  38.04048 140.99524    27
0  38.03597 140.99527    27
0  38.03146 140.99532    27
0  38.02694 140.99535    28
0  38.02243 140.99538    28
0  38.01791 140.99541    28
0  38.01340 140.99544    28
0  38.00889 140.99548    27
0  38.00438 140.99550    27
0  38.23005 140.99962    10
0  38.22554 140.99965    10
0  38.22102 140.99968    17
0  38.21651 140.99971    17
0  38.21200 140.99974    17
0  38.20748 140.99979    18
0  38.20297 140.99980    19
0  38.19846 140.99983    19
0  38.19394 140.99988    19
0  38.18943 140.99991    20
0  38.18491 140.99994    20
0  38.18040 140.99997    20
0  38.17590 141.00000    20
