1  43.95333 144.15747     3
1  43.94883 144.15730     3
1  43.94433 144.15710     3
1  43.93983 144.15692     2
1  43.97119 144.16446     3
1  43.96669 144.16426     4
1  43.96219 144.16408     6
1  43.95770 144.16389     7
1  43.95320 144.16371     8
1  43.94870 144.16351     6
1  43.94420 144.16333     4
1  43.93970 144.16315     2
1  43.98455 144.17125     5
1  43.98005 144.17105     8
1  43.97106 144.17068     9
1  43.96655 144.17050    11
1  43.96206 144.17030    16
1  43.95756 144.17012    16
1  43.95306 144.16994    10
1  43.94856 144.16975     6
1  43.94407 144.16956     3
1  43.98891 144.17766     6
1  43.98441 144.17747    11
1  43.97992 144.17729    13
1  43.97542 144.17709    13
1  43.97092 144.17691    14
1  43.96642 144.17673    16
1  43.96193 144.17654    16
1  43.95742 144.17635    11
1  43.95293 144.17616     6
1  43.94843 144.17598     2
1  43.99327 144.18408    16
1  43.98877 144.18390    16
1  43.98427 144.18370    16
1  43.97978 144.18352    16
1  43.97528 144.18332    16
1  43.97078 144.18314    16
1  43.96629 144.18295    16
1  43.96179 144.18277    11
1  43.95729 144.18257     6
1  43.99763 144.19049    12
1  43.99314 144.19031    13
1  43.98864 144.19012     5
1  43.98414 144.18993     5
1  43.97964 144.18974     9
1  43.97515 144.18956    10
1  43.97065 144.18936     8
1  43.96615 144.18918     7
1  43.96165 144.18900     5
1  43.99750 144.19672     9
1  43.97951 144.19597     8
1  43.99963 144.30283     5
1  43.98614 144.30225    12
0  43.00048 144.25996     5
0  43.99949 144.30907     4
0  43.99500 144.30887    11
0  43.99050 144.30869     8
0  43.98600 144.30847     6
0  43.00034 144.26611     5
0  43.99935 144.31531    15
0  43.99485 144.31511    13
0  43.99035 144.31491    10
1  43.98586 144.31470     7
0  43.98136 144.31451     6
0  43.00021 144.27225     5
0  43.99921 144.32153    16
1  43.99471 144.32133    17
1  43.99022 144.32115    15
1  43.98572 144.32094    12
0  43.98122 144.32074     6
1  43.97672 144.32054     7
0  43.00007 144.27838     5
1  43.99907 144.32777    22
0  43.99457 144.32756    18
0  43.99007 144.32738    14
1  43.98557 144.32716    13
0  43.98108 144.32697    10
0  43.97658 144.32677     7
1  43.97208 144.32657     3
0  43.99892 144.33400    23
0  43.99443 144.33380    21
0  43.98993 144.33360    16
0  43.98543 144.33339    15
0  43.98093 144.33321    12
0  43.97644 144.33299    10
1  43.97194 144.33279     2
0  43.99878 144.34023    26
0  43.99429 144.34003    24
0  43.98979 144.33983    21
0  43.98529 144.33965    18
0  43.98079 144.33943    14
0  43.97629 144.33922    12
0  43.97179 144.33904     9
1  43.99863 144.34645    28
0  43.99414 144.34627    27
0  43.98964 144.34605    23
0  43.98515 144.34587    20
0  43.98065 144.34566    16
0  43.97615 144.34546    12
0  43.97165 144.34526    11
0  43.99849 144.35269    29
0  43.99400 144.35249    29
0  43.98950 144.35229    28
0  43.98500 144.35210    22
0  43.98050 144.35188    20
0  43.97601 144.35168    14
1  43.97151 144.35149    11
1  43.96701 144.35129     5
1  43.99835 144.35892    31
0  43.99385 144.35872    31
1  43.98936 144.35852    28
1  43.98486 144.35832    25
0  43.98036 144.35811    21
0  43.97586 144.35791    17
0  43.97136 144.35773    12
0  43.96687 144.35751     8
0  43.96237 144.35732     6
0  43.99821 144.36514    32
0  43.99371 144.36494    32
0  43.98920 144.36475    30
0  43.98471 144.36456    27
0  43.98021 144.36435    23
0  43.97571 144.36414    22
0  43.97122 144.36395    14
0  43.96672 144.36375    12
1  43.96222 144.36354     8
1  43.95773 144.36336     4
0  43.99806 144.37138    34
0  43.99356 144.37119    33
1  43.98907 144.37099    31
1  43.98457 144.37079    28
1  43.98007 144.37057    25
1  43.97557 144.37038    21
1  43.97108 144.37018    17
1  43.96658 144.36998    13
0  43.96208 144.36977    11
1  43.95758 144.36957     6
0  43.99791 144.37761    35
0  43.99342 144.37741    35
0  43.98892 144.37721    30
0  43.98442 144.37701    29
0  43.97992 144.37680    26
0  43.97543 144.37660    21
1  43.97093 144.37640    19
0  43.96643 144.37621    13
0  43.96193 144.37601    10
1  43.95744 144.37579     8
0  43.99777 144.38383    37
0  43.99327 144.38364    36
1  43.98877 144.38344    32
1  43.98428 144.38324    30
1  43.97978 144.38303    28
0  43.97528 144.38283    26
0  43.97078 144.38263    25
0  43.96629 144.38243    15
0  43.96179 144.38223    13
1  43.95729 144.38202     9
1  43.95279 144.38182     4
0  43.99762 144.39008    36
1  43.99313 144.38988    36
0  43.98863 144.38968    33
0  43.98413 144.38948    32
0  43.97964 144.38927    31
0  43.97514 144.38905    26
0  43.97064 144.38885    21
0  43.96614 144.38867    16
0  43.96164 144.38846    13
0  43.95715 144.38824    11
1  43.95264 144.38805     4
1  43.93465 144.38724     2
0  43.99748 144.39632    38
0  43.99298 144.39610    36
0  43.98848 144.39590    35
0  43.98399 144.39571    33
0  43.97949 144.39549    32
0  43.97499 144.39529    29
0  43.97049 144.39508    28
0  43.96599 144.39490    21
0  43.96149 144.39468    16
1  43.95700 144.39449    12
1  43.95250 144.39429     5
1  43.93451 144.39348     2
0  43.99733 144.40254    37
1  43.99284 144.40233    37
1  43.98833 144.40213    35
1  43.98383 144.40193    34
0  43.97934 144.40172    36
1  43.97484 144.40152    30
1  43.97034 144.40132    27
0  43.96585 144.40111    25
0  43.96135 144.40091    19
0  43.95685 144.40071    13
1  43.95235 144.40051     6
0  43.99718 144.40875    38
0  43.99268 144.40855    37
0  43.98819 144.40836    36
0  43.98369 144.40816    34
0  43.97919 144.40794    32
0  43.97470 144.40775    31
0  43.97020 144.40755    27
0  43.96570 144.40733    23
0  43.96120 144.40714    19
0  43.95670 144.40694    14
0  43.95221 144.40674    10
0  43.99704 144.41499    39
0  43.99254 144.41478    38
0  43.98804 144.41458    37
0  43.98355 144.41437    36
1  43.97905 144.41418    33
1  43.97455 144.41397    31
1  43.97005 144.41377    28
0  43.96555 144.41356    25
0  43.96105 144.41336    21
1  43.95655 144.41316    17
1  43.95206 144.41295    10
1  43.94756 144.41275     3
0  43.99689 144.42122    39
0  43.99239 144.42101    37
1  43.98790 144.42081    37
0  43.98340 144.42061    34
0  43.97890 144.42039    33
0  43.97440 144.42021    34
0  43.96990 144.42000    30
0  43.96540 144.41980    26
0  43.96091 144.41959    24
0  43.95641 144.41939    18
0  43.95191 144.41917    13
0  43.94741 144.41898     5
0  43.99674 144.42744    40
0  43.99224 144.42723    39
0  43.98775 144.42703    39
0  43.98325 144.42683    37
0  43.97875 144.42662    37
0  43.97425 144.42642    34
0  43.96976 144.42621    33
0  43.96526 144.42603    30
0  43.96076 144.42583    26
1  43.95626 144.42561    19
0  43.95177 144.42540    12
1  43.94727 144.42520     6
0  43.99659 144.43367    40
1  43.99210 144.43347    40
1  43.98760 144.43326    39
1  43.98310 144.43306    38
1  43.97860 144.43285    37
1  43.97411 144.43265    35
1  43.96961 144.43245    33
0  43.96511 144.43224    30
0  43.96062 144.43204    23
0  43.95612 144.43184    21
0  43.95162 144.43164    12
0  43.94712 144.43144     9
0  43.99644 144.43990    41
0  43.99195 144.43970    42
0  43.98745 144.43950    40
0  43.98296 144.43929    39
0  43.97845 144.43909    37
0  43.97395 144.43887    36
0  43.96946 144.43867    35
0  43.96496 144.43846    34
0  43.96046 144.43826    25
0  43.95597 144.43806    25
0  43.95147 144.43787    15
1  43.94697 144.43767     6
0  43.99630 144.44614    42
1  43.99180 144.44592    42
1  43.98730 144.44572    40
1  43.98280 144.44551    39
1  43.97831 144.44531    37
0  43.97381 144.44511    36
0  43.96931 144.44490    35
0  43.96481 144.44469    32
0  43.96032 144.44449    27
1  43.95582 144.44429    23
1  43.95132 144.44408    17
1  43.94682 144.44386     8
0  43.99615 144.45238    44
0  43.99165 144.45215    41
0  43.98715 144.45195    41
0  43.98265 144.45175    40
0  43.97816 144.45154    37
0  43.97366 144.45134    35
0  43.96916 144.45113    34
0  43.96466 144.45093    33
1  43.96017 144.45070    29
1  43.95567 144.45050    24
1  43.95117 144.45030    17
0  43.94667 144.45009    12
1  43.94217 144.44989     5
0  43.99600 144.45860    44
1  43.99150 144.45840    43
1  43.98700 144.45818    41
1  43.98250 144.45798    40
1  43.97800 144.45776    38
1  43.97351 144.45757    36
1  43.96901 144.45735    34
0  43.96452 144.45714    33
1  43.96002 144.45692    30
1  43.95552 144.45673    26
1  43.95102 144.45653    19
0  43.94653 144.45631    15
0  43.94203 144.45612    11
0  43.99585 144.46483    45
0  43.99135 144.46463    43
0  43.98685 144.46442    42
0  43.98235 144.46420    41
0  43.97786 144.46400    39
0  43.97336 144.46379    37
0  43.96886 144.46359    33
0  43.96437 144.46338    32
0  43.95987 144.46317    31
0  43.95537 144.46297    28
0  43.95087 144.46275    22
0  43.94637 144.46254    15
0  43.94188 144.46233     7
0  43.93738 144.46213     4
0  43.99570 144.47107    45
1  43.99120 144.47086    43
0  43.98670 144.47064    43
1  43.98220 144.47043    41
1  43.97771 144.47023    40
1  43.97321 144.47003    38
1  43.96871 144.46982    36
0  43.96421 144.46960    37
1  43.95972 144.46939    32
0  43.95522 144.46919    30
0  43.95072 144.46899    24
1  43.94622 144.46877    17
1  43.94173 144.46855    10
0  43.99555 144.47729    44
0  43.99105 144.47708    43
0  43.98655 144.47687    42
0  43.98206 144.47665    41
0  43.97756 144.47646    40
0  43.97306 144.47626    39
0  43.96857 144.47603    37
0  43.96407 144.47583    35
0  43.95957 144.47562    34
0  43.95507 144.47542    30
0  43.95057 144.47520    22
1  43.94608 144.47501    19
1  43.94158 144.47479    13
1  43.93708 144.47458     4
0  43.99990 144.48372    49
0  43.99540 144.48352    49
0  43.99090 144.48332    44
0  43.98640 144.48311    40
0  43.98190 144.48289    39
0  43.97741 144.48268    37
0  43.97291 144.48248    36
0  43.96841 144.48227    37
0  43.96392 144.48206    35
0  43.95942 144.48186    34
1  43.95492 144.48163    29
0  43.95042 144.48143    23
0  43.94592 144.48123    20
0  43.94143 144.48102    15
1  43.93693 144.48080     8
1  43.99974 144.48997    50
0  43.99525 144.48975    50
1  43.99075 144.48955    46
1  43.98625 144.48933    43
1  43.98175 144.48912    41
1  43.97726 144.48892    39
1  43.97276 144.48871    38
0  43.96827 144.48849    39
0  43.96377 144.48828    34
0  43.95927 144.48808    33
0  43.95477 144.48785    32
0  43.95027 144.48766    25
0  43.94577 144.48746    18
0  43.94128 144.48724    15
0  43.93678 144.48703    11
0  43.93229 144.48682     3
0  43.99960 144.49620    51
0  43.99510 144.49599    48
0  43.99060 144.49577    47
0  43.98610 144.49556    44
0  43.98161 144.49535    43
0  43.97711 144.49515    41
0  43.97261 144.49492    40
0  43.96811 144.49472    39
0  43.96362 144.49452    37
0  43.95911 144.49431    34
0  43.95462 144.49409    31
0  43.95012 144.49388    27
0  43.94563 144.49367    25
0  43.94113 144.49347    18
0  43.93663 144.49326    12
0  43.99944 144.50243    51
0  43.99495 144.50221    49
1  43.99045 144.50200    47
1  43.98595 144.50180    45
0  43.98145 144.50157    44
1  43.97696 144.50137    42
1  43.97246 144.50116    40
1  43.96796 144.50095    39
0  43.96346 144.50075    38
1  43.95897 144.50053    35
1  43.95447 144.50032    33
1  43.94996 144.50011    30
0  43.94547 144.49989    28
0  43.94097 144.49969    16
1  43.93647 144.49948    11
1  43.93198 144.49927     5
0  43.99929 144.50865    53
0  43.99479 144.50844    49
0  43.99029 144.50822    46
0  43.98579 144.50803    45
0  43.98130 144.50780    43
0  43.97680 144.50760    41
0  43.97231 144.50739    40
0  43.96781 144.50719    39
0  43.96331 144.50697    38
0  43.95881 144.50676    36
0  43.95431 144.50655    35
0  43.94982 144.50633    33
0  43.94532 144.50612    29
0  43.94082 144.50591    18
0  43.93633 144.50571    13
0  43.93183 144.50551     4
0  43.99914 144.51489    52
1  43.99464 144.51468    50
1  43.99014 144.51447    47
1  43.98565 144.51425    45
0  43.98115 144.51404    44
1  43.97665 144.51384    42
1  43.97216 144.51361    40
1  43.96766 144.51341    39
1  43.96316 144.51318    38
1  43.95866 144.51299    36
1  43.95416 144.51277    34
1  43.94967 144.51256    32
0  43.94517 144.51236    30
0  43.94067 144.51213    24
1  43.93617 144.51193    14
1  43.93167 144.51172     7
0  43.99899 144.52112    51
0  43.99449 144.52090    50
0  43.98999 144.52069    47
0  43.98550 144.52048    44
0  43.98100 144.52026    44
0  43.97650 144.52007    42
0  43.97200 144.51984    40
0  43.96750 144.51964    39
0  43.96301 144.51942    37
0  43.95851 144.51921    36
0  43.95401 144.51900    35
0  43.94952 144.51878    32
0  43.94502 144.51857    30
0  43.94052 144.51836    19
0  43.93602 144.51814    15
0  43.93152 144.51794    10
0  43.99883 144.52734    53
1  43.99434 144.52713    50
1  43.98984 144.52692    48
0  43.98534 144.52672    45
1  43.98085 144.52649    44
1  43.97635 144.52629    43
1  43.97185 144.52608    41
1  43.96735 144.52586    40
1  43.96285 144.52565    38
1  43.95835 144.52545    37
1  43.95386 144.52522    35
0  43.94936 144.52502    34
1  43.94486 144.52481    28
1  43.94036 144.52460    22
1  43.93587 144.52438    15
1  43.93137 144.52417     8
0  43.99868 144.53357    51
0  43.99418 144.53336    50
0  43.98969 144.53314    49
0  43.98519 144.53294    46
0  43.98069 144.53271    44
0  43.97619 144.53252    43
0  43.97169 144.53230    43
0  43.96720 144.53210    40
0  43.96270 144.53188    39
0  43.95821 144.53166    37
0  43.95371 144.53146    37
0  43.94920 144.53123    32
0  43.94471 144.53104    29
0  43.94021 144.53082    25
0  43.93571 144.53061    16
0  43.93121 144.53040     6
0  43.92672 144.53018     5
0  43.99853 144.53981    54
0  43.99403 144.53960    54
0  43.98953 144.53937    50
0  43.98503 144.53917    47
0  43.98054 144.53896    46
0  43.97604 144.53876    44
0  43.97154 144.53853    43
1  43.96704 144.53831    41
1  43.96255 144.53810    39
1  43.95805 144.53789    37
1  43.95355 144.53769    35
0  43.94905 144.53746    32
1  43.94456 144.53726    29
1  43.94006 144.53705    23
0  43.93556 144.53682    18
1  43.93106 144.53662     7
1  43.99837 144.54604    56
1  43.99388 144.54582    54
1  43.98938 144.54561    52
0  43.98488 144.54539    49
1  43.98038 144.54518    48
1  43.97589 144.54498    46
1  43.97139 144.54475    44
0  43.96689 144.54454    41
0  43.96239 144.54434    38
0  43.95789 144.54411    37
0  43.95340 144.54390    36
0  43.94890 144.54370    33
0  43.94440 144.54347    28
0  43.93990 144.54327    24
0  43.93541 144.54306    18
0  43.93090 144.54283    10
0  43.99821 144.55228    59
0  43.99372 144.55205    57
0  43.98922 144.55183    52
0  43.98473 144.55164    53
0  43.98023 144.55141    48
0  43.97573 144.55119    47
0  43.97123 144.55099    46
0  43.96674 144.55077    44
0  43.96224 144.55057    42
0  43.95774 144.55034    42
0  43.95325 144.55013    36
0  43.94875 144.54993    34
0  43.94425 144.54970    30
0  43.93975 144.54948    22
0  43.93526 144.54929    19
0  43.93076 144.54906    11
0  43.92626 144.54884     7
1  43.99807 144.55850    58
1  43.99357 144.55827    56
1  43.98907 144.55806    54
0  43.98457 144.55786    53
1  43.98008 144.55763    51
1  43.97557 144.55742    49
1  43.97108 144.55722    47
1  43.96658 144.55699    44
1  43.96209 144.55678    43
1  43.95759 144.55658    41
1  43.95309 144.55635    38
0  43.94859 144.55614    35
0  43.94410 144.55594    32
0  43.93960 144.55571    28
0  43.93510 144.55550    18
1  43.93060 144.55530     8
0  43.99791 144.56473    58
0  43.99341 144.56451    56
0  43.98891 144.56432    55
0  43.98441 144.56409    54
0  43.97992 144.56387    54
0  43.97542 144.56364    52
0  43.97092 144.56345    47
0  43.96643 144.56323    45
0  43.96193 144.56300    43
0  43.95743 144.56281    41
0  43.95293 144.56258    39
0  43.94844 144.56236    37
0  43.94394 144.56215    31
0  43.93944 144.56194    29
0  43.93495 144.56172    19
0  43.93045 144.56151    11
1  43.99776 144.57095    59
1  43.99326 144.57074    56
1  43.98876 144.57054    54
0  43.98426 144.57031    52
1  43.97977 144.57010    52
1  43.97527 144.56987    50
1  43.97077 144.56967    47
1  43.96628 144.56946    45
1  43.96178 144.56923    43
1  43.95728 144.56902    41
1  43.95278 144.56882    39
0  43.94828 144.56859    35
1  43.94379 144.56837    32
0  43.93929 144.56816    24
1  43.93480 144.56795    20
1  43.93029 144.56773    10
1  43.92579 144.56752     2
0  43.99760 144.57718    59
0  43.99310 144.57695    57
0  43.98860 144.57677    54
0  43.98410 144.57655    52
0  43.97961 144.57632    52
0  43.97511 144.57611    50
0  43.97062 144.57590    46
0  43.96612 144.57568    44
0  43.96162 144.57547    43
0  43.95712 144.57524    41
0  43.95263 144.57503    40
0  43.94813 144.57481    37
0  43.94363 144.57460    34
0  43.93914 144.57439    28
0  43.93464 144.57417    17
0  43.93014 144.57396    14
0  43.92564 144.57375     9
0  43.99745 144.58340    61
1  43.99295 144.58318    57
0  43.98845 144.58298    55
0  43.98396 144.58278    52
1  43.97945 144.58255    51
1  43.97495 144.58234    49
1  43.97046 144.58212    47
1  43.96596 144.58191    45
1  43.96146 144.58170    43
1  43.95697 144.58148    42
1  43.95247 144.58127    39
0  43.94797 144.58104    36
1  43.94347 144.58084    32
1  43.93898 144.58063    26
1  43.93448 144.58040    18
0  43.92998 144.58018    11
1  43.92548 144.57996     7
1  43.99729 144.58963    59
0  43.99279 144.58943    57
0  43.98829 144.58922    54
0  43.98379 144.58899    52
0  43.97929 144.58878    50
0  43.97480 144.58856    49
0  43.97030 144.58835    47
0  43.96581 144.58813    44
0  43.96131 144.58792    44
0  43.95681 144.58771    42
0  43.95231 144.58749    39
0  43.94781 144.58728    36
0  43.94332 144.58705    32
0  43.93882 144.58684    26
0  43.93433 144.58662    20
0  43.92983 144.58641    10
0  43.92533 144.58618     5
0  43.99713 144.59586    60
0  43.99263 144.59566    57
0  43.98814 144.59544    58
0  43.98364 144.59521    52
0  43.97914 144.59500    50
0  43.97465 144.59477    50
0  43.97015 144.59456    49
1  43.96565 144.59436    47
1  43.96115 144.59415    46
1  43.95666 144.59393    44
1  43.95216 144.59372    41
0  43.94765 144.59351    37
0  43.94316 144.59328    30
0  43.93866 144.59306    25
0  43.93417 144.59283    18
0  43.92967 144.59262    16
0  43.92517 144.59242     9
1  43.99697 144.60210    59
1  43.99248 144.60188    57
1  43.98798 144.60167    55
0  43.98348 144.60146    53
1  43.97899 144.60123    52
1  43.97449 144.60101    50
0  43.96999 144.60078    47
0  43.96550 144.60057    50
0  43.96100 144.60036    49
0  43.95650 144.60016    46
0  43.95200 144.59995    43
0  43.94751 144.59973    39
0  43.94301 144.59952    35
0  43.93851 144.59929    23
0  43.93401 144.59908    20
0  43.92951 144.59885    15
0  43.92501 144.59863     9
0  43.99681 144.60832    57
0  43.99232 144.60811    57
0  43.98782 144.60789    55
0  43.98332 144.60768    54
0  43.97883 144.60745    53
0  43.97433 144.60724    50
0  43.96983 144.60703    48
0  43.96534 144.60681    45
0  43.96084 144.60658    44
0  43.95634 144.60637    43
0  43.95184 144.60616    41
0  43.94735 144.60594    38
0  43.94285 144.60573    36
0  43.93835 144.60551    28
0  43.93386 144.60530    20
0  43.92936 144.60509    14
0  43.92486 144.60487    10
1  43.99666 144.61456    58
1  43.99216 144.61435    57
1  43.98766 144.61414    55
0  43.98317 144.61391    52
1  43.97867 144.61369    52
1  43.97417 144.61346    50
1  43.96968 144.61325    48
1  43.96518 144.61304    46
0  43.96068 144.61282    45
1  43.95618 144.61259    43
1  43.95169 144.61238    41
0  43.94719 144.61215    38
0  43.94270 144.61195    35
0  43.93819 144.61174    32
0  43.93370 144.61153    20
0  43.92920 144.61130    16
1  43.92470 144.61108    10
0  43.99651 144.62079    58
0  43.99201 144.62057    58
0  43.98751 144.62036    56
0  43.98302 144.62013    54
0  43.97852 144.61992    52
0  43.97402 144.61969    50
0  43.96952 144.61948    48
0  43.96502 144.61926    47
0  43.96053 144.61905    43
0  43.95603 144.61882    42
0  43.95153 144.61861    41
0  43.94703 144.61838    39
0  43.94254 144.61816    33
0  43.93804 144.61795    27
0  43.93354 144.61775    24
0  43.92904 144.61752    13
0  43.92455 144.61731    11
0  43.92005 144.61708     6
1  43.99635 144.62701    60
1  43.99185 144.62680    58
1  43.98735 144.62659    56
0  43.98285 144.62637    55
1  43.97836 144.62614    52
1  43.97386 144.62593    50
1  43.96936 144.62570    49
1  43.96486 144.62549    47
1  43.96037 144.62527    44
1  43.95587 144.62506    42
1  43.95137 144.62483    40
0  43.94688 144.62462    38
1  43.94238 144.62439    33
0  43.93788 144.62418    26
1  43.93338 144.62396    21
1  43.92889 144.62376    15
1  43.92439 144.62354     9
1  43.91989 144.62332     2
0  43.99619 144.63324    61
0  43.99169 144.63303    60
0  43.98719 144.63281    57
0  43.98269 144.63260    54
0  43.97820 144.63237    52
0  43.97370 144.63216    50
0  43.96920 144.63193    50
0  43.96470 144.63171    47
0  43.96021 144.63148    45
0  43.95571 144.63127    43
0  43.95121 144.63106    39
0  43.94672 144.63083    38
0  43.94222 144.63062    33
0  43.93772 144.63039    30
0  43.93322 144.63017    22
0  43.92872 144.62996    11
0  43.92423 144.62975     7
0  43.99603 144.63948    62
1  43.99153 144.63925    59
1  43.98704 144.63904    56
0  43.98254 144.63882    54
1  43.97804 144.63861    53
1  43.97355 144.63838    51
1  43.96905 144.63815    49
1  43.96455 144.63794    47
1  43.96005 144.63771    45
1  43.95555 144.63750    43
1  43.95106 144.63728    40
0  43.94656 144.63707    38
1  43.94206 144.63684    34
1  43.93756 144.63663    27
1  43.93306 144.63640    20
1  43.92857 144.63618    13
1  43.92407 144.63597     8
0  43.99587 144.64571    61
0  43.99137 144.64549    58
0  43.98688 144.64528    55
0  43.98238 144.64505    54
0  43.97788 144.64484    54
0  43.97338 144.64461    51
0  43.96889 144.64438    49
0  43.96439 144.64417    48
0  43.95990 144.64394    45
0  43.95540 144.64372    43
0  43.95090 144.64351    41
0  43.94640 144.64330    39
0  43.94191 144.64307    34
0  43.93741 144.64285    28
0  43.93291 144.64262    17
0  43.92841 144.64241    13
0  43.92391 144.64218    10
0  43.99571 144.65193    60
0  43.99122 144.65172    59
0  43.98672 144.65150    57
0  43.98222 144.65129    54
0  43.97773 144.65106    51
0  43.97323 144.65083    51
0  43.96873 144.65062    49
0  43.96423 144.65039    49
1  43.95974 144.65018    46
1  43.95524 144.64995    44
1  43.95074 144.64973    41
0  43.94624 144.64951    39
1  43.94175 144.64928    32
0  43.93724 144.64906    23
0  43.93275 144.64885    20
1  43.92825 144.64864    13
1  43.92376 144.64841     8
1  43.99556 144.65816    60
1  43.99106 144.65794    58
1  43.98656 144.65773    56
0  43.98206 144.65752    54
1  43.97757 144.65727    52
1  43.97307 144.65706    50
1  43.96857 144.65685    49
0  43.96407 144.65662    48
0  43.95958 144.65640    47
0  43.95508 144.65617    44
0  43.95058 144.65596    41
0  43.94608 144.65573    38
0  43.94158 144.65552    33
0  43.93708 144.65530    24
0  43.93259 144.65509    16
0  43.92809 144.65486    10
0  43.92360 144.65463     7
0  43.99989 144.66463    62
0  43.99540 144.66440    59
0  43.99090 144.66417    57
0  43.98640 144.66396    54
0  43.98190 144.66374    54
0  43.97741 144.66350    51
0  43.97290 144.66328    49
0  43.96841 144.66307    48
0  43.96391 144.66286    47
0  43.95942 144.66263    45
0  43.95492 144.66240    44
0  43.95042 144.66219    40
0  43.94592 144.66196    37
0  43.94142 144.66174    34
1  43.93692 144.66151    24
0  43.93243 144.66129    16
0  43.92793 144.66107    11
0  43.92344 144.66086     6
0  43.99973 144.67085    62
1  43.99524 144.67062    60
1  43.99073 144.67039    57
1  43.98624 144.67018    55
0  43.98174 144.66997    54
1  43.97724 144.66974    51
1  43.97274 144.66953    49
1  43.96825 144.66930    48
1  43.96375 144.66908    46
1  43.95926 144.66885    45
1  43.95476 144.66864    43
1  43.95026 144.66841    40
0  43.94576 144.66820    40
0  43.94126 144.66797    28
0  43.93676 144.66774    25
0  43.93227 144.66753    19
1  43.92777 144.66730    11
1  43.92327 144.66707     6
0  43.99957 144.67708    63
0  43.99507 144.67685    61
0  43.99057 144.67664    57
0  43.98608 144.67642    56
0  43.98158 144.67621    53
0  43.97708 144.67596    50
0  43.97258 144.67575    49
0  43.96809 144.67554    47
0  43.96359 144.67529    46
0  43.95910 144.67508    44
0  43.95460 144.67487    42
0  43.95010 144.67464    40
0  43.94560 144.67441    37
0  43.94110 144.67419    29
0  43.93661 144.67397    24
0  43.93211 144.67375    15
0  43.92761 144.67352    12
0  43.92311 144.67331     4
0  43.99941 144.68332    63
1  43.99491 144.68311    60
1  43.99041 144.68286    58
1  43.98592 144.68265    55
0  43.98142 144.68243    53
1  43.97692 144.68219    51
1  43.97242 144.68198    48
1  43.96793 144.68176    47
1  43.96343 144.68152    45
1  43.95893 144.68130    43
1  43.95443 144.68109    40
1  43.94994 144.68085    38
0  43.94544 144.68063    37
1  43.94094 144.68042    29
1  43.93645 144.68019    20
0  43.93195 144.67998    13
1  43.92745 144.67975    10
1  43.92295 144.67953     5
0  43.99925 144.68954    64
0  43.99475 144.68933    60
0  43.99025 144.68909    57
0  43.98576 144.68887    55
0  43.98126 144.68866    53
0  43.97676 144.68842    50
0  43.97227 144.68820    48
0  43.96777 144.68797    46
0  43.96327 144.68774    44
0  43.95877 144.68753    42
0  43.95427 144.68730    38
0  43.94978 144.68709    37
0  43.94528 144.68687    35
0  43.94078 144.68663    24
0  43.93629 144.68642    19
0  43.93179 144.68620    14
0  43.92729 144.68596     8
0  43.92279 144.68575     5
0  43.99909 144.69577    63
0  43.99459 144.69556    59
0  43.99009 144.69531    57
0  43.98560 144.69510    53
1  43.98110 144.69487    52
1  43.97660 144.69464    50
1  43.97211 144.69443    48
1  43.96761 144.69420    46
1  43.96311 144.69398    44
0  43.95861 144.69377    44
1  43.95411 144.69353    39
0  43.94962 144.69331    35
1  43.94511 144.69308    32
1  43.94062 144.69286    26
0  43.93612 144.69264    22
0  43.93163 144.69241    12
0  43.92713 144.69218     9
1  43.92263 144.69197     4
1  43.99893 144.70200    62
1  43.99443 144.70178    59
0  43.98993 144.70155    55
0  43.98544 144.70132    52
0  43.98094 144.70110    53
0  43.97644 144.70088    49
0  43.97194 144.70067    47
0  43.96744 144.70042    45
0  43.96294 144.70021    44
0  43.95845 144.69998    41
0  43.95395 144.69975    40
0  43.94945 144.69954    36
0  43.94496 144.69931    33
0  43.94046 144.69908    26
0  43.93596 144.69887    21
1  43.93147 144.69864    13
0  43.92697 144.69843     8
0  43.92247 144.69820     6
0  43.99877 144.70822    61
0  43.99427 144.70801    59
0  43.98977 144.70778    55
0  43.98528 144.70757    53
0  43.98077 144.70732    51
0  43.97628 144.70711    49
0  43.97178 144.70688    45
0  43.96728 144.70667    44
1  43.96278 144.70644    43
1  43.95829 144.70621    41
1  43.95379 144.70599    38
0  43.94929 144.70576    35
0  43.94480 144.70554    31
0  43.94030 144.70531    21
0  43.93580 144.70509    15
0  43.93130 144.70486    11
0  43.92681 144.70464     7
1  43.99860 144.71446    61
1  43.99410 144.71425    59
1  43.98960 144.71400    55
0  43.98511 144.71379    50
1  43.98061 144.71356    50
1  43.97612 144.71333    48
1  43.97162 144.71310    45
0  43.96712 144.71289    44
0  43.96262 144.71266    43
0  43.95813 144.71243    41
0  43.95363 144.71222    39
0  43.94913 144.71199    32
1  43.94464 144.71178    28
1  43.94014 144.71155    21
1  43.93564 144.71132    15
1  43.93114 144.71109    10
1  43.92665 144.71088     6
0  43.99844 144.72069    62
0  43.99394 144.72047    60
0  43.98944 144.72023    55
0  43.98495 144.72002    53
0  43.98045 144.71979    51
0  43.97596 144.71956    47
0  43.97146 144.71935    45
0  43.96696 144.71912    42
0  43.96246 144.71889    38
0  43.95797 144.71867    40
0  43.95347 144.71844    34
0  43.94897 144.71822    33
1  43.94447 144.71799    26
0  43.93998 144.71777    23
0  43.93548 144.71753    13
0  43.93098 144.71732    10
0  43.92648 144.71709     5
1  43.99828 144.72691    61
1  43.99378 144.72670    58
1  43.98928 144.72647    55
0  43.98478 144.72624    50
1  43.98029 144.72601    50
1  43.97579 144.72580    48
1  43.97129 144.72557    45
1  43.96680 144.72534    41
1  43.96230 144.72511    39
1  43.95780 144.72490    37
1  43.95330 144.72467    34
0  43.94881 144.72443    29
0  43.94431 144.72421    23
0  43.93982 144.72398    19
1  43.93532 144.72375    14
1  43.93082 144.72353     7
1  43.92632 144.72331     2
0  43.99811 144.73317    61
0  43.99361 144.73293    61
0  43.98912 144.73270    52
0  43.98462 144.73247    50
0  43.98013 144.73224    50
0  43.97563 144.73203    47
0  43.97113 144.73180    46
0  43.96663 144.73157    40
0  43.96214 144.73135    37
0  43.95764 144.73111    38
0  43.95314 144.73090    33
0  43.94865 144.73065    31
0  43.94415 144.73044    22
0  43.93965 144.73021    19
0  43.93515 144.72998    12
0  43.93065 144.72977     7
1  43.99795 144.73940    61
1  43.99345 144.73915    58
0  43.98895 144.73892    57
0  43.98446 144.73871    55
1  43.97996 144.73848    50
1  43.97546 144.73825    46
1  43.97096 144.73802    43
1  43.96646 144.73779    41
1  43.96197 144.73758    38
1  43.95747 144.73734    35
1  43.95298 144.73712    31
0  43.94848 144.73689    24
0  43.94398 144.73666    21
0  43.93948 144.73643    18
1  43.93499 144.73621    12
1  43.93049 144.73599     4
0  43.99778 144.74561    59
0  43.99329 144.74538    59
0  43.98879 144.74515    57
0  43.98429 144.74493    52
0  43.97980 144.74471    50
0  43.97530 144.74448    44
0  43.97080 144.74426    41
0  43.96630 144.74402    40
0  43.96181 144.74380    41
0  43.95731 144.74356    33
0  43.95282 144.74333    30
0  43.94832 144.74312    24
0  43.94382 144.74289    20
0  43.93932 144.74266    14
0  43.93483 144.74245    10
0  43.93033 144.74220     6
0  43.92583 144.74199     5
0  43.99762 144.75183    59
0  43.99312 144.75160    58
0  43.98863 144.75137    54
0  43.98413 144.75116    52
1  43.97963 144.75093    48
1  43.97514 144.75070    45
1  43.97064 144.75049    42
1  43.96614 144.75024    41
1  43.96164 144.75002    38
1  43.95715 144.74980    33
1  43.95265 144.74957    27
0  43.94815 144.74934    21
0  43.94366 144.74911    16
0  43.93916 144.74889    13
1  43.93466 144.74864     9
1  43.93016 144.74843     4
0  43.99746 144.75807    58
0  43.99296 144.75783    56
1  43.98846 144.75760    54
0  43.98397 144.75737    48
0  43.97947 144.75714    48
0  43.97497 144.75693    45
0  43.97047 144.75671    41
0  43.96598 144.75648    40
0  43.96148 144.75624    41
0  43.95699 144.75601    31
0  43.95249 144.75580    25
0  43.94799 144.75557    22
0  43.94349 144.75533    17
0  43.93900 144.75511    11
0  43.93450 144.75488     7
0  43.93000 144.75465     5
0  43.99729 144.76430    59
0  43.99280 144.76405    57
0  43.98830 144.76382    55
0  43.98380 144.76361    50
0  43.97930 144.76338    44
0  43.97480 144.76315    41
0  43.97031 144.76291    38
0  43.96581 144.76271    37
0  43.96132 144.76248    36
1  43.95682 144.76225    30
0  43.95232 144.76202    23
0  43.94782 144.76180    19
0  43.94333 144.76155    14
0  43.93883 144.76132    10
0  43.93433 144.76111     9
1  43.99713 144.77052    58
1  43.99263 144.77028    56
1  43.98813 144.77005    53
0  43.98363 144.76984    50
1  43.97914 144.76961    45
1  43.97464 144.76938    41
1  43.97014 144.76913    38
1  43.96565 144.76892    34
0  43.96115 144.76871    33
0  43.95665 144.76848    29
0  43.95216 144.76823    21
0  43.94766 144.76802    18
1  43.94316 144.76779    13
1  43.93866 144.76756     9
0  43.93417 144.76733     6
0  43.99696 144.77675    57
0  43.99247 144.77652    56
0  43.98797 144.77629    52
0  43.98347 144.77606    46
0  43.97897 144.77583    43
0  43.97448 144.77560    42
0  43.96998 144.77536    37
0  43.96548 144.77513    30
0  43.96099 144.77492    25
0  43.95649 144.77469    23
0  43.95199 144.77448    18
0  43.94749 144.77423    15
0  43.94300 144.77400    11
0  43.93850 144.77379     8
0  43.93401 144.77356     7
1  43.99680 144.78299    56
1  43.99230 144.78275    53
1  43.98780 144.78252    50
0  43.98331 144.78229    49
1  43.97881 144.78206    43
1  43.97431 144.78183    38
1  43.96981 144.78160    33
1  43.96532 144.78137    28
1  43.96082 144.78114    24
1  43.95633 144.78091    21
0  43.95182 144.78069    17
0  43.94733 144.78046    12
1  43.94283 144.78024    10
1  43.93833 144.78000     6
0  43.93384 144.77979     3
0  43.99663 144.78922    55
0  43.99213 144.78897    49
0  43.98763 144.78874    50
0  43.98314 144.78851    46
0  43.97864 144.78830    42
0  43.97414 144.78806    35
0  43.96965 144.78783    31
0  43.96515 144.78760    24
0  43.96065 144.78737    22
0  43.95616 144.78712    22
0  43.95166 144.78690    18
0  43.94716 144.78668    12
0  43.94267 144.78645     9
0  43.93817 144.78624     5
0  43.00667 144.73935     2
0  43.00216 144.73912     2
1  43.99647 144.79544    54
1  43.99197 144.79520    50
1  43.98747 144.79497    46
0  43.98298 144.79474    39
1  43.97848 144.79453    38
1  43.97398 144.79430    34
1  43.96949 144.79405    29
1  43.96499 144.79382    24
0  43.96049 144.79359    21
0  43.95599 144.79335    16
0  43.95149 144.79314    13
0  43.94699 144.79291    10
0  43.94250 144.79266     7
0  43.93800 144.79245     3
1  43.93351 144.79221     2
0  43.00651 144.74548     2
1  43.00200 144.74525     2
0  43.99630 144.80167    54
0  43.99180 144.80144    50
0  43.98730 144.80121    44
0  43.98280 144.80098    39
0  43.97831 144.80074    36
0  43.97381 144.80052    34
0  43.96931 144.80028    27
0  43.96482 144.80006    21
0  43.96032 144.79982    19
1  43.95582 144.79959    15
0  43.95132 144.79936    12
0  43.94683 144.79913     8
0  43.01534 144.75208     2
0  43.01085 144.75183     2
0  43.00634 144.75162     2
0  43.00183 144.75139     3
0  43.99613 144.80789    48
0  43.99163 144.80766    41
0  43.98714 144.80743    42
0  43.98264 144.80721    42
1  43.97814 144.80696    35
1  43.97365 144.80673    30
1  43.96915 144.80650    24
0  43.96465 144.80629    20
0  43.96016 144.80605    18
0  43.95566 144.80582    12
0  43.95116 144.80559     8
0  43.94666 144.80536     7
0  43.01968 144.75842     2
0  43.01518 144.75821     2
1  43.01068 144.75798     3
1  43.00617 144.75775     4
0  43.00167 144.75754     3
1  43.99596 144.81413    48
1  43.99147 144.81389    44
1  43.98697 144.81366    40
0  43.98247 144.81343    40
0  43.97798 144.81319    32
0  43.97348 144.81296    28
0  43.96898 144.81273    20
0  43.96449 144.81250    17
0  43.95999 144.81227    13
0  43.95549 144.81204    11
0  43.02402 144.76480     2
0  43.01952 144.76457     2
1  43.01501 144.76434     3
0  43.01051 144.76413     5
0  43.00601 144.76389     5
0  43.00150 144.76367     5
0  43.99579 144.82036    48
0  43.99129 144.82011    44
0  43.98680 144.81989    39
0  43.98230 144.81966    32
0  43.97781 144.81943    27
0  43.97331 144.81920    23
0  43.96881 144.81897    20
0  43.96432 144.81873    17
0  43.95982 144.81850    15
0  43.95532 144.81827     9
0  43.03736 144.77161     2
0  43.03286 144.77139     2
0  43.02835 144.77116     2
0  43.02385 144.77092     2
0  43.01935 144.77071     2
0  43.01485 144.77048     4
0  43.01035 144.77025     5
0  43.00584 144.77002     5
0  43.00134 144.76981     6
1  43.99563 144.82658    47
0  43.99113 144.82635    42
1  43.98663 144.82613    38
0  43.98214 144.82588    34
1  43.97764 144.82565    25
0  43.97314 144.82542    21
1  43.96865 144.82520    16
0  43.96415 144.82495    14
0  43.95965 144.82472     9
0  43.95515 144.82449     7
0  43.04620 144.77818     2
0  43.04169 144.77797     2
0  43.03719 144.77774     2
0  43.03269 144.77753     2
0  43.02819 144.77728     2
0  43.02369 144.77707     2
0  43.01919 144.77684     2
0  43.01469 144.77661     5
0  43.01018 144.77638     5
0  43.00568 144.77617     6
0  43.00117 144.77594    10
0  43.99995 144.83305    50
0  43.99546 144.83281    46
0  43.99096 144.83258    43
0  43.98646 144.83235    39
0  43.98197 144.83212    29
0  43.97747 144.83188    16
0  43.97297 144.83165    16
0  43.96848 144.83142     8
0  43.96398 144.83118     8
0  43.05054 144.78456     2
0  43.04603 144.78433     2
0  43.04153 144.78409     3
1  43.03703 144.78387     4
0  43.03253 144.78366     5
0  43.02802 144.78343     5
0  43.02352 144.78320     5
0  43.01902 144.78297     5
1  43.01451 144.78276     5
0  43.01001 144.78252     5
0  43.00551 144.78230    10
0  43.00101 144.78207    10
0  43.99979 144.83928    48
1  43.99529 144.83904    43
1  43.99080 144.83881    36
0  43.98630 144.83858    23
0  43.98180 144.83835    21
0  43.97731 144.83810    11
0  43.97281 144.83788    10
0  43.96831 144.83765     4
0  43.05037 144.79070     2
0  43.04586 144.79045     3
1  43.04137 144.79024     4
0  43.03686 144.79001     5
0  43.03236 144.78978     5
0  43.02785 144.78955     5
0  43.02335 144.78934     5
1  43.01885 144.78912     6
0  43.01435 144.78888     5
0  43.00985 144.78865     5
0  43.00534 144.78844    10
0  43.00084 144.78821    10
0  43.99962 144.84552    45
0  43.99512 144.84528    41
0  43.99062 144.84503    32
0  43.98613 144.84480    24
0  43.98163 144.84457    19
0  43.97713 144.84435     6
0  43.05020 144.79683     2
1  43.04570 144.79660     3
0  43.04119 144.79637     4
0  43.03669 144.79614     5
0  43.03219 144.79593     5
0  43.02769 144.79568     6
0  43.02319 144.79546     8
1  43.01869 144.79523     8
0  43.01419 144.79503     9
0  43.00968 144.79480    10
0  43.00518 144.79457    10
0  43.00067 144.79434    10
1  43.99945 144.85175    38
1  43.99495 144.85150    31
0  43.99045 144.85127    25
0  43.98596 144.85104    19
0  43.98146 144.85080     8
0  43.97697 144.85057     3
0  43.05454 144.80319     2
0  43.05004 144.80296     3
1  43.04553 144.80275     4
0  43.04103 144.80251     5
0  43.03653 144.80229     5
1  43.03202 144.80205     6
1  43.02753 144.80182     7
1  43.02303 144.80161     8
1  43.01852 144.80138     9
0  43.01402 144.80115    10
0  43.00951 144.80093    10
0  43.00501 144.80070    10
0  43.00051 144.80048    10
0  43.99928 144.85797    30
0  43.99478 144.85774    25
0  43.99029 144.85750    17
1  43.98579 144.85727     7
0  43.05437 144.80934     2
1  43.04987 144.80911     3
1  43.04537 144.80888     4
0  43.04086 144.80865     5
1  43.03636 144.80841     5
0  43.03186 144.80820     7
1  43.02736 144.80797     7
0  43.02285 144.80774     8
1  43.01835 144.80751     9
0  43.01385 144.80730    10
0  43.00935 144.80705    11
1  43.00484 144.80682    11
0  43.00034 144.80661    13
0  43.99911 144.86420    30
1  43.99461 144.86397    20
0  43.99012 144.86372    16
0  43.98562 144.86349     8
0  43.05420 144.81548     2
0  43.04970 144.81526     2
0  43.04520 144.81502     3
0  43.04070 144.81479     5
0  43.03619 144.81456     5
1  43.03169 144.81433     6
1  43.02719 144.81410     7
1  43.02269 144.81387     8
1  43.01818 144.81364     9
0  43.01368 144.81342    10
1  43.00918 144.81319    11
1  43.00468 144.81296    12
1  43.00017 144.81274    12
0  43.99894 144.87042    25
0  43.99445 144.87018    13
0  43.98995 144.86995     8
0  43.05404 144.82162     2
0  43.04954 144.82138     2
0  43.04503 144.82115     3
0  43.04053 144.82094     5
1  43.03602 144.82071     5
0  43.03152 144.82047     7
0  43.02702 144.82024     7
1  43.02252 144.82001     8
0  43.01802 144.81978    10
0  43.01352 144.81956    10
1  43.00901 144.81932    11
0  43.00451 144.81909    12
1  43.00001 144.81886    12
0  43.99877 144.87666     9
0  43.99428 144.87643    13
0  43.98978 144.87619     7
0  43.04486 144.82730     5
0  43.04036 144.82707     5
0  43.03586 144.82683     5
0  43.03135 144.82660     5
1  43.02685 144.82639     6
1  43.02235 144.82616     8
0  43.01785 144.82593    10
0  43.01335 144.82568    10
1  43.00884 144.82545    10
1  43.00434 144.82524    11
1  43.99860 144.88289     7
0  43.99410 144.88266     8
0  43.04919 144.83366     2
1  43.04469 144.83344     2
1  43.04019 144.83319     3
0  43.03569 144.83298     2
0  43.03119 144.83275     2
0  43.02669 144.83252     5
0  43.02219 144.83229     5
0  43.00868 144.83159    10
0  43.00417 144.83138    11
0  43.99843 144.88911     4
0  43.04903 144.83980     2
0  43.01301 144.83795    10
0  43.00851 144.83774    10
1  43.00401 144.83749    11
0  43.00834 144.84387    10
1  43.00384 144.84364    11
0  43.00367 144.84976    10
1  43.06636 144.86530    10
1  43.06186 144.86505    10
1  43.05735 144.86482    10
1  43.05285 144.86459     6
1  43.04835 144.86436     2
1  43.06619 144.87144    10
1  43.06168 144.87120    10
1  43.05719 144.87097    10
1  43.05268 144.87074    10
1  43.04818 144.87051    10
1  43.04368 144.87027     2
1  43.06151 144.87733    10
1  43.05701 144.87711    13
1  43.05251 144.87688    14
1  43.04801 144.87663    10
1  43.04351 144.87640    10
1  43.03901 144.87617     2
1  43.06134 144.88348    10
1  43.05684 144.88326    13
1  43.05234 144.88301    17
1  43.04784 144.88278    15
1  43.04334 144.88254    10
1  43.03883 144.88231    10
1  43.06117 144.88962    10
1  43.05667 144.88939    10
1  43.05217 144.88914    17
1  43.04767 144.88893    18
1  43.04317 144.88869    16
1  43.03867 144.88846    10
1  43.03416 144.88821    10
1  43.05650 144.89552    10
1  43.05200 144.89529    16
1  43.04749 144.89505    18
1  43.04299 144.89482    16
1  43.03849 144.89459    13
1  43.03399 144.89436    10
1  43.02948 144.89412     5
1  43.05633 144.90167    10
1  43.05183 144.90144    13
1  43.04733 144.90120    16
1  43.04282 144.90096    16
1  43.03832 144.90073    13
1  43.03382 144.90050    10
1  43.02932 144.90027     7
1  43.02481 144.90002     2
1  43.05616 144.90781    10
1  43.05166 144.90756    10
1  43.04715 144.90733    15
1  43.04265 144.90710    15
1  43.03814 144.90688    13
1  43.03364 144.90663    10
1  43.02914 144.90639     6
1  43.02464 144.90616     2
1  43.05598 144.91396     3
1  43.05148 144.91371    10
1  43.04698 144.91347    13
1  43.04248 144.91324    13
1  43.03798 144.91301    10
1  43.03347 144.91278    10
1  43.05131 144.91985    10
1  43.04681 144.91962    10
1  43.04230 144.91937    10
1  43.03780 144.91914    10
1  43.03330 144.91890     3
1  43.05114 144.92598     2
1  43.04663 144.92575     4
1  43.04213 144.92552     4
1  43.03762 144.92529     3
